1000
2
5 76
9 60
9
8 74
3 72
6 97
10 65
9 100
8 85
8 80
7 78
1 93
10
3 64
3 86
6 57
5 73
3 60
8 79
5 68
5 56
8 93
10 88
1
8 56
2
6 60
9 88
1
3 72
2
2 93
2 56
1
7 53
6
10 66
3 68
6 77
8 69
7 85
3 55
6
8 73
3 63
1 53
8 83
4 62
4 72
9
8 55
4 92
4 81
8 83
9 82
8 61
7 96
6 51
6 55
12
3 95
1 51
10 98
8 60
5 97
1 89
8 78
3 58
3 60
10 57
7 51
1 73
4
1 84
2 57
9 100
9 81
10
3 81
3 73
2 61
7 78
4 52
3 61
4 54
4 69
6 60
1 88
1
5 78
12
2 53
7 100
2 62
8 61
7 93
9 89
1 60
10 61
10 73
10 71
2 69
6 61
2
5 56
1 98
3
2 57
8 69
10 53
4
1 67
10 50
4 95
2 89
5
5 75
7 93
2 90
8 60
7 69
4
1 82
9 82
10 82
5 85
1
4 60
7
6 95
9 80
5 96
1 54
4 66
5 84
5 63
6
2 79
5 96
10 88
5 95
4 63
4 70
12
4 83
4 51
2 96
4 100
8 54
7 99
7 60
10 58
9 71
6 50
8 72
10 94
3
8 55
8 99
10 100
1
10 95
3
8 100
9 75
4 55
5
9 84
8 62
4 71
10 68
2 76
1
1 55
9
9 60
2 84
5 73
9 96
6 98
2 69
7 64
2 70
8 64
7
3 85
1 56
9 55
4 89
4 65
7 89
2 61
9
5 77
4 67
1 69
10 86
2 66
9 86
10 99
2 67
9 86
7
9 73
9 92
2 67
7 100
7 66
4 93
7 85
6
10 58
5 95
4 62
10 59
9 54
6 93
9
1 98
5 82
3 66
3 54
4 84
1 91
7 82
10 55
3 91
5
7 69
7 89
5 85
1 63
7 76
12
9 92
2 82
8 73
10 74
7 56
7 71
1 91
5 54
10 54
6 77
6 62
9 72
5
10 67
3 51
8 61
7 54
1 77
12
1 86
7 56
2 50
1 87
10 100
3 57
8 71
7 95
4 55
8 92
8 94
9 96
2
1 94
1 98
7
9 50
8 95
8 85
1 51
8 100
6 58
3 86
6
4 82
9 72
4 87
6 57
3 98
1 67
4
3 55
5 92
1 53
6 98
1
5 78
4
6 96
10 61
4 98
7 93
12
3 53
10 63
2 92
9 51
1 84
3 77
9 89
10 52
8 53
7 80
5 98
8 60
1
7 82
5
10 52
4 96
9 60
3 70
5 50
4
7 99
6 75
6 58
10 85
5
2 94
1 85
9 85
5 94
2 63
8
1 62
10 54
6 93
8 56
5 86
10 61
1 81
6 76
10
3 94
2 58
6 75
8 75
6 73
6 97
5 81
4 67
1 70
10 91
5
9 88
1 83
10 86
6 81
4 98
5
2 90
5 89
7 63
2 91
2 90
4
1 56
2 61
5 59
1 94
1
6 83
7
2 68
1 55
1 73
7 76
4 60
3 62
4 87
3
6 68
7 53
8 53
3
2 56
7 64
8 87
1
1 62
6
2 74
3 80
9 66
8 93
4 80
7 82
4
6 58
4 52
8 64
7 70
5
5 63
4 82
3 74
6 100
5 55
10
10 53
1 100
6 68
9 97
2 76
8 73
2 65
1 82
5 55
1 67
3
2 68
10 75
4 67
12
10 78
7 83
3 85
4 68
6 86
2 67
9 92
3 95
6 87
6 88
7 54
3 93
3
7 77
2 68
1 78
5
4 66
10 97
1 59
10 94
4 59
7
2 90
5 51
4 86
4 96
4 86
6 53
6 82
11
8 56
9 86
5 73
2 53
9 58
9 92
3 66
1 87
8 77
5 87
2 61
7
10 76
5 83
5 56
3 69
10 62
4 98
4 89
10
6 73
6 56
2 93
3 52
8 94
3 67
2 77
3 55
2 100
10 97
2
2 80
10 92
6
1 79
8 53
10 61
4 86
2 66
3 74
12
2 54
2 98
9 63
4 79
8 93
5 68
3 90
4 80
1 50
6 63
5 97
9 95
10
4 70
9 87
6 82
9 55
7 72
3 88
1 64
1 68
10 65
2 96
10
10 76
3 67
4 54
3 94
7 88
4 62
9 95
5 61
10 92
7 90
12
6 88
3 96
4 99
6 92
1 68
3 80
5 66
10 50
3 70
2 72
7 70
4 59
2
8 70
5 73
10
1 69
2 69
2 54
4 89
5 84
2 81
7 54
9 50
8 56
1 53
3
7 52
8 85
8 61
1
5 90
2
7 52
6 66
3
4 71
9 95
7 82
11
5 71
8 59
9 64
6 60
7 95
10 73
10 59
7 74
6 84
6 77
9 71
1
10 88
5
7 51
3 88
10 62
6 57
8 63
11
4 90
8 64
3 53
5 55
6 89
10 79
8 78
5 59
1 85
3 57
1 71
5
3 59
10 61
6 86
9 82
3 76
11
2 65
3 62
8 61
3 67
10 83
2 59
10 82
10 74
5 57
9 75
6 84
5
6 69
10 70
9 57
10 92
7 90
9
4 88
8 58
6 61
7 60
1 78
5 74
9 76
10 80
1 65
8
9 68
7 68
6 51
6 51
7 80
5 62
10 87
6 66
3
8 64
5 91
6 62
5
10 64
2 84
7 66
2 82
6 70
11
6 93
3 100
2 60
7 100
10 65
6 82
8 77
1 94
5 70
2 91
10 91
11
2 52
10 66
7 87
7 94
3 78
7 68
2 64
8 52
2 50
7 87
7 94
9
3 98
5 72
7 71
7 71
8 90
1 85
2 78
7 77
3 76
5
3 70
8 91
6 55
6 91
5 82
1
1 81
8
2 67
6 96
9 70
3 71
4 59
2 85
8 62
7 78
4
10 64
9 54
8 65
10 62
1
10 60
8
2 87
8 80
4 71
3 61
2 79
6 97
5 99
5 91
6
10 91
7 92
6 55
9 78
6 83
10 99
8
3 79
7 52
7 79
6 52
2 81
5 92
8 63
10 96
7
9 75
9 72
9 77
5 61
8 87
2 53
9 83
8
1 65
1 60
7 86
7 94
3 79
5 75
2 66
2 76
12
6 94
3 79
10 86
1 67
10 60
1 52
3 81
5 66
1 59
7 54
9 52
8 95
6
4 52
4 77
6 92
6 75
2 67
8 81
5
4 59
2 72
2 88
2 51
4 50
4
6 98
7 99
3 58
1 54
3
1 94
1 67
4 68
1
1 86
10
9 77
3 51
2 76
7 66
6 57
4 68
8 98
8 97
8 95
10 76
11
10 52
2 72
9 82
6 64
5 50
5 78
1 69
1 89
6 92
9 73
5 79
4
1 95
5 55
6 90
6 96
8
6 54
9 92
5 76
10 77
7 80
10 67
1 97
3 66
6
8 85
7 82
1 75
6 99
3 54
1 86
2
10 96
8 59
7
5 58
2 91
8 96
4 85
10 96
8 56
1 89
1
1 74
4
3 62
10 62
4 53
4 59
5
3 99
1 91
3 62
7 88
3 84
2
5 55
7 50
7
5 50
4 75
10 73
1 51
7 67
8 100
7 75
3
1 55
6 94
7 84
10
4 72
4 69
5 54
4 56
10 69
10 71
7 76
6 71
10 93
2 87
6
7 94
9 50
2 54
6 87
9 79
3 88
6
4 88
1 75
1 64
5 57
1 50
2 52
9
4 87
8 54
2 81
5 74
10 76
2 54
10 58
4 93
3 78
10
6 74
3 56
2 58
2 62
5 80
7 76
3 65
8 54
1 61
6 85
7
8 86
4 72
9 79
7 80
6 62
2 71
4 62
12
10 92
4 65
7 89
9 52
6 68
1 87
6 79
2 76
8 72
4 62
5 72
4 92
3
8 58
6 62
9 79
11
4 59
9 62
6 73
4 95
8 58
6 52
5 67
6 73
2 96
7 68
7 72
6
9 94
1 90
7 95
6 97
1 59
9 92
10
8 57
10 71
5 79
1 55
2 89
9 73
5 99
8 61
6 97
6 74
7
8 91
3 73
9 95
9 73
4 94
3 81
7 64
1
7 88
10
9 57
6 92
4 97
3 59
10 70
7 76
1 97
3 52
2 90
2 81
2
4 51
6 90
6
4 64
3 74
7 69
9 52
6 86
6 71
3
6 59
9 69
1 58
10
3 98
5 85
3 98
1 65
9 81
3 51
3 100
2 71
3 95
2 88
12
7 61
8 75
5 57
3 79
8 68
5 54
4 80
4 85
8 98
4 92
4 62
2 70
3
3 94
3 53
9 91
10
5 69
7 72
3 78
1 68
10 92
4 95
5 83
4 61
5 67
9 84
9
3 75
5 57
2 78
3 56
4 64
1 61
5 97
1 92
10 76
3
9 59
10 85
4 58
9
4 87
6 93
8 82
2 51
2 92
1 70
10 68
7 51
8 85
9
6 53
7 59
7 66
6 87
9 94
10 64
3 86
7 58
9 80
12
10 98
9 91
9 65
8 79
9 89
9 67
9 81
3 91
5 59
5 95
3 84
10 59
12
4 82
7 67
7 94
10 80
3 72
3 96
1 96
1 74
4 78
5 52
1 52
8 77
6
7 97
8 54
7 57
9 71
8 74
9 90
3
7 85
1 79
10 67
1
10 95
5
6 96
8 95
7 78
7 81
6 60
6
7 70
1 94
4 91
5 87
6 75
2 88
2
5 77
2 65
6
8 83
9 85
8 55
4 82
7 66
8 76
4
6 74
9 82
10 56
8 54
4
1 59
7 89
4 58
10 52
8
2 72
2 70
4 60
8 91
4 97
3 87
8 90
4 98
4
6 53
2 70
3 98
6 65
4
3 71
7 60
1 95
6 60
3
6 88
6 58
1 91
6
5 86
1 97
4 97
5 61
3 97
7 78
10
1 67
2 89
1 94
4 86
1 50
8 58
6 93
10 88
8 87
3 80
10
3 74
8 97
6 84
7 91
1 58
2 51
6 81
1 91
4 81
7 80
3
10 63
3 92
3 70
6
5 56
10 57
5 89
2 78
6 51
10 83
7
3 84
1 58
2 71
8 77
9 83
7 92
10 61
10
10 79
1 88
8 91
2 51
2 86
5 96
4 98
10 59
3 53
5 84
7
3 98
5 50
3 55
7 87
10 73
9 69
5 51
11
10 59
10 50
6 94
10 75
9 69
10 51
4 62
7 60
10 53
8 80
10 78
7
6 60
10 72
5 88
4 52
2 88
1 82
1 81
8
5 69
2 67
4 60
1 51
10 91
10 84
1 70
10 77
8
2 89
9 64
4 56
10 100
1 70
5 75
5 85
2 57
12
9 50
3 66
5 77
7 58
10 68
9 85
9 64
1 73
9 62
1 70
1 88
5 93
10
9 64
4 95
9 75
9 64
3 94
4 59
3 96
6 95
9 68
1 63
3
3 90
7 86
1 95
1
2 90
6
4 64
8 94
5 98
7 74
4 75
3 77
1
10 84
3
4 77
6 58
10 65
11
7 90
6 68
1 80
3 77
6 71
9 78
2 66
2 60
5 53
9 75
8 90
1
4 63
9
1 94
10 85
9 86
5 78
2 73
5 78
4 79
4 80
3 93
8
8 53
1 94
7 63
5 52
9 76
8 78
9 51
4 100
10
1 60
4 98
6 97
5 99
6 70
5 61
5 77
6 74
10 100
7 57
1
9 71
4
2 67
2 78
4 70
6 76
2
10 76
7 86
8
9 83
3 81
5 77
9 55
10 86
2 71
1 62
8 52
10
8 80
10 88
6 80
3 60
4 53
6 88
2 92
8 79
7 78
10 74
9
2 77
8 53
2 53
3 56
4 75
5 50
6 66
6 90
6 100
5
3 62
4 87
3 65
3 55
8 58
2
9 80
8 51
6
7 100
10 76
1 89
10 91
9 64
7 69
5
4 50
8 62
2 94
6 63
4 52
5
8 53
6 61
4 79
8 50
1 53
9
9 66
3 63
3 89
6 57
1 62
3 66
5 71
4 89
1 88
12
7 100
5 100
9 60
2 83
6 82
7 84
7 63
10 97
2 65
3 90
5 79
9 66
5
7 68
10 97
4 95
3 91
10 76
4
1 61
1 69
10 72
2 64
9
7 52
1 84
1 64
10 85
8 53
9 88
4 55
8 90
1 65
3
10 66
3 76
3 83
9
8 78
4 81
10 62
9 69
2 79
3 87
2 87
4 85
10 84
2
6 50
3 57
1
8 90
3
4 76
5 59
1 93
11
9 63
8 89
3 72
5 51
2 91
8 50
10 63
9 56
4 57
8 70
8 94
8
1 86
2 98
3 100
7 84
10 89
1 57
3 60
9 61
5
10 87
2 98
4 97
3 61
3 92
6
10 78
6 89
6 92
8 89
6 82
4 94
4
1 85
1 68
1 94
9 76
1
2 95
8
3 81
7 85
6 71
8 98
4 53
5 98
2 67
5 63
10
4 50
3 84
4 84
5 50
1 96
3 60
4 76
8 59
8 70
8 94
7
4 54
6 68
9 68
10 68
8 78
8 64
8 58
10
1 74
10 95
3 81
6 62
9 69
2 98
6 85
2 76
8 58
1 94
12
6 77
7 91
4 55
1 72
9 93
10 80
10 61
8 100
2 63
5 58
6 74
5 72
2
3 93
10 89
11
3 56
9 75
9 79
2 100
9 63
6 82
1 97
6 54
5 96
7 99
1 79
4
1 55
6 64
4 66
9 56
7
1 87
8 52
6 95
2 99
8 53
2 88
3 92
12
10 78
10 56
4 84
6 51
3 56
5 71
9 83
4 68
1 63
10 88
2 54
5 95
4
6 77
3 76
9 54
5 56
6
7 91
9 84
10 73
1 59
10 85
5 93
11
1 87
10 58
3 96
5 52
4 93
6 98
8 87
9 61
1 71
1 74
9 71
7
3 83
2 66
9 67
9 88
3 77
9 58
1 66
7
4 54
10 95
1 57
5 79
3 97
5 92
2 70
1
6 78
6
8 94
7 68
1 63
6 84
5 81
7 69
1
10 86
3
9 74
9 78
5 82
7
6 64
5 69
8 73
6 57
3 74
3 76
9 50
11
4 57
3 51
1 70
2 54
4 66
3 63
4 84
6 76
3 94
1 96
8 67
2
8 100
2 83
9
10 76
7 87
9 51
8 90
10 83
4 93
1 96
3 78
1 53
4
6 63
2 91
3 63
3 57
6
5 60
2 67
10 86
10 73
4 81
6 84
12
9 91
6 64
1 82
6 96
5 82
7 87
1 51
1 89
5 63
7 83
2 80
8 54
7
8 81
5 72
6 66
4 70
3 90
5 69
3 56
4
4 94
2 80
4 69
5 59
4
1 72
10 73
4 73
1 55
5
3 69
7 83
1 67
7 83
4 78
10
6 71
1 74
8 65
6 92
10 57
6 60
3 81
3 63
9 97
1 84
10
7 52
3 70
5 95
7 78
2 96
8 76
7 52
7 75
4 92
8 58
4
5 100
1 72
9 60
8 58
12
5 86
5 71
4 56
2 63
4 77
8 69
6 98
2 99
8 99
1 93
9 83
9 50
11
7 79
10 57
1 81
1 78
8 100
9 88
8 51
9 51
2 83
8 79
10 51
2
4 57
6 85
12
9 60
1 95
4 71
6 60
1 96
7 50
2 76
4 86
4 50
9 82
5 86
10 61
3
3 50
7 98
2 51
12
10 98
1 72
1 75
9 60
5 71
3 76
5 73
6 56
6 80
6 59
10 84
4 64
6
8 74
5 97
3 60
8 78
8 87
3 70
6
7 89
5 81
10 74
1 70
6 73
9 59
5
4 69
4 93
10 58
5 55
6 91
9
3 96
9 76
4 56
10 85
2 81
1 96
8 66
10 74
10 59
2
3 68
2 95
3
4 72
1 71
3 63
12
9 88
4 98
9 69
4 76
6 59
1 57
8 89
2 74
9 60
5 67
1 63
1 68
12
8 95
3 58
6 75
9 76
1 52
7 65
6 85
2 79
8 94
9 53
7 66
4 100
10
2 91
3 65
9 88
10 78
6 67
5 81
5 70
7 93
5 61
10 81
2
1 80
5 68
4
7 57
5 58
8 94
9 63
4
6 50
8 100
10 86
6 82
5
1 70
5 84
5 75
2 86
6 94
2
4 54
2 99
9
2 89
6 99
10 50
5 54
8 97
6 60
6 93
4 98
10 59
2
1 67
2 75
8
4 76
3 93
2 54
1 55
6 100
10 91
2 83
9 82
12
3 86
10 89
1 68
9 56
5 84
6 100
4 71
5 93
5 75
9 98
2 57
4 69
7
7 61
5 92
1 64
8 72
10 99
4 88
9 82
6
3 64
6 91
8 96
1 56
1 70
10 94
12
3 63
7 72
8 62
7 85
9 78
3 97
5 93
6 60
2 58
3 82
5 52
1 98
4
5 100
1 80
5 82
10 82
2
9 78
10 99
6
9 79
2 93
7 79
7 75
3 100
8 58
8
4 65
4 89
5 75
7 78
1 96
8 81
6 85
1 91
12
2 68
10 82
8 52
9 60
9 99
5 50
10 83
4 98
7 75
8 52
3 99
4 71
1
5 75
3
8 83
1 65
8 82
1
7 68
12
10 84
1 92
10 89
3 77
4 51
2 55
1 80
3 73
3 79
6 62
10 64
8 52
3
1 62
1 52
9 61
8
1 50
8 98
6 68
1 67
1 77
3 63
10 67
2 57
9
4 60
8 81
6 66
2 72
10 60
2 82
10 75
4 53
9 69
4
3 56
10 84
9 90
4 60
3
8 96
3 93
2 76
5
9 86
1 65
4 63
10 51
1 81
4
4 68
4 78
9 58
2 64
3
4 66
8 81
4 74
12
3 88
2 77
2 56
3 96
3 72
2 63
10 56
6 69
2 64
1 86
8 78
9 65
7
5 78
5 77
4 65
5 60
5 50
7 80
3 91
5
6 80
7 95
8 79
8 87
7 62
6
2 58
1 65
3 89
10 58
4 58
7 69
1
10 75
7
10 54
9 75
4 93
1 83
8 73
4 89
9 95
3
5 90
7 97
5 94
1
9 96
2
7 74
3 56
7
10 95
2 73
8 66
9 62
1 81
7 70
10 71
9
10 82
1 94
8 67
4 63
3 56
5 91
7 54
10 74
5 76
5
10 94
10 73
7 70
8 69
7 96
6
8 85
1 97
3 59
2 60
2 62
8 89
4
1 91
9 58
8 100
10 61
6
9 62
8 71
1 64
4 74
3 52
10 51
6
7 80
3 81
3 80
5 51
2 100
5 51
12
2 72
3 50
6 66
3 68
10 53
1 84
10 79
9 77
7 58
4 76
2 77
8 75
10
4 71
5 66
10 64
1 58
2 68
8 51
10 100
10 65
8 63
3 88
7
7 70
1 59
5 53
10 82
10 70
5 85
1 76
2
4 61
8 63
5
7 77
8 56
1 70
3 74
7 50
1
4 65
4
9 93
4 66
5 80
4 80
3
4 67
1 53
6 50
10
7 53
2 97
3 70
3 92
2 91
10 79
1 52
10 99
9 51
7 55
5
6 57
6 57
7 52
3 86
6 97
5
9 85
8 97
6 54
6 67
1 54
10
7 74
8 61
6 85
5 63
4 58
8 96
8 55
1 65
6 55
2 61
12
6 67
1 64
10 65
6 92
4 87
4 62
5 80
1 59
8 93
4 53
7 70
7 99
6
1 50
1 93
10 88
6 88
5 96
7 93
8
1 74
5 66
6 70
8 87
2 85
8 93
8 78
6 70
5
3 86
9 96
1 51
3 69
8 56
4
5 78
10 87
10 68
2 98
9
7 67
4 99
7 58
1 68
8 50
9 52
9 97
3 61
1 54
2
6 68
8 86
3
5 53
4 79
6 94
9
4 68
8 86
5 97
4 86
8 57
2 95
9 97
3 73
4 55
8
6 84
9 73
5 66
2 76
2 57
10 58
1 87
2 94
7
3 82
1 93
4 75
2 55
9 58
3 94
3 50
7
9 53
9 86
5 58
3 62
9 87
1 84
10 96
9
1 99
9 66
4 87
2 83
3 67
1 60
10 89
10 52
9 88
1
9 88
8
4 78
7 97
2 88
6 80
9 90
10 84
4 59
6 72
6
1 55
9 92
1 68
2 85
10 53
4 95
1
8 67
5
4 53
1 52
9 51
6 91
8 69
12
3 51
5 86
9 50
2 61
6 81
7 57
7 59
2 53
2 69
4 88
8 100
10 98
8
6 78
9 81
10 61
9 93
8 77
5 100
3 96
5 88
6
7 61
9 57
3 72
5 68
8 62
8 59
3
5 87
2 90
5 91
8
4 55
4 95
3 70
7 80
9 80
4 97
4 57
9 66
5
8 51
1 62
3 81
6 67
9 71
2
10 98
6 66
1
2 69
5
3 50
2 56
6 66
10 50
10 92
2
8 86
4 79
6
1 68
5 70
5 70
2 92
3 70
10 72
5
9 85
8 63
4 65
5 56
9 63
1
7 52
7
10 60
1 68
10 81
9 99
2 66
5 79
9 89
10
2 52
8 51
3 92
9 79
9 64
5 88
3 99
7 71
4 50
5 65
5
7 50
3 92
7 63
5 60
10 87
1
9 74
9
8 59
9 99
9 100
1 99
1 80
8 85
4 62
7 78
7 88
3
10 94
7 91
7 98
2
10 62
6 50
8
9 71
8 92
8 72
6 77
3 68
4 75
1 56
3 93
2
5 80
2 75
5
10 76
6 52
8 85
1 62
2 74
2
3 80
8 88
1
10 99
12
6 100
7 59
10 89
5 54
10 70
10 72
3 93
6 82
6 92
1 91
9 97
10 60
2
9 86
10 64
11
9 78
9 60
6 97
1 89
2 56
3 74
4 86
2 90
10 81
4 94
2 52
2
6 50
8 91
3
4 93
3 100
7 70
8
3 50
10 79
7 78
2 52
1 76
1 72
6 90
7 82
11
8 92
9 94
3 65
1 85
6 60
7 98
9 72
4 51
7 88
4 92
8 70
6
6 73
7 87
8 77
10 92
7 66
9 68
11
2 98
1 69
3 53
2 69
1 87
7 72
4 63
1 77
3 59
1 97
10 65
4
4 55
5 93
6 99
5 53
1
3 88
10
3 81
6 87
6 70
3 98
10 53
1 74
2 59
3 71
5 98
6 89
11
1 70
8 81
6 86
1 96
6 78
2 93
4 51
4 72
9 98
7 63
9 81
5
1 75
3 51
9 88
10 81
9 55
5
3 50
5 53
1 73
2 81
5 100
12
7 86
1 53
2 96
7 78
8 68
8 98
10 65
8 91
4 65
3 62
5 92
7 62
6
2 98
7 61
4 91
9 88
6 98
7 87
12
2 96
8 74
10 86
10 54
7 91
5 90
10 60
3 59
7 72
9 77
3 50
7 85
12
1 67
7 87
10 60
1 83
10 82
10 62
8 69
8 61
6 59
10 93
5 71
7 53
4
5 78
2 54
7 51
7 53
8
4 81
1 69
8 95
9 90
3 81
8 98
5 52
9 98
9
9 71
8 77
4 71
1 88
8 89
8 86
8 68
2 94
3 92
3
2 99
6 58
3 85
2
4 92
5 52
3
5 99
6 67
2 92
4
6 88
1 84
2 92
6 98
9
4 97
6 81
3 89
2 94
1 99
4 62
6 69
9 72
7 63
12
3 77
5 78
5 63
1 80
1 69
1 57
5 70
2 55
1 65
7 67
3 92
6 65
6
3 79
2 78
2 69
5 86
8 72
10 94
8
1 63
4 71
3 87
4 91
8 99
2 54
5 94
3 51
4
3 79
5 60
10 100
7 92
3
5 95
6 58
3 56
4
4 79
8 64
8 84
6 100
6
6 61
9 91
7 87
7 78
3 50
7 97
7
2 85
2 50
7 59
4 92
8 56
9 85
3 61
6
6 64
4 88
10 60
7 67
3 95
5 65
8
9 96
6 61
3 60
2 79
7 100
2 75
10 54
5 93
10
1 75
2 65
10 74
7 83
6 60
2 89
2 71
6 83
4 88
8 75
9
9 83
6 70
9 72
7 75
2 52
4 75
8 77
7 64
10 58
11
9 92
1 69
7 81
5 80
4 60
3 86
1 73
8 84
2 62
8 92
10 97
8
4 98
9 84
6 82
7 99
1 68
7 79
2 61
4 85
10
10 55
1 87
4 84
1 70
9 63
1 78
5 91
9 61
2 85
7 60
10
3 87
5 99
9 72
8 67
8 77
6 93
1 85
4 77
8 83
8 93
8
5 60
3 57
8 90
10 55
9 63
5 92
5 52
2 55
12
10 67
8 72
5 88
10 62
1 52
8 82
8 55
6 89
7 97
9 95
1 95
5 100
5
6 78
1 91
10 94
2 92
4 98
6
4 63
2 73
1 63
5 79
4 66
5 65
10
9 85
2 72
9 70
4 64
6 58
5 55
7 84
5 78
3 78
2 58
2
2 63
7 98
1
1 52
12
9 82
7 82
7 80
8 67
9 68
2 57
10 72
3 51
4 52
2 76
8 64
3 88
2
5 61
4 73
7
6 80
4 82
10 95
9 88
1 99
7 65
7 83
3
9 50
3 54
2 96
6
7 89
10 89
9 55
4 77
3 59
2 71
5
4 70
8 82
9 56
5 84
2 68
11
8 65
9 55
10 62
10 66
10 82
3 85
1 91
9 85
8 54
7 87
3 85
7
10 81
4 88
4 66
3 74
7 71
1 90
9 99
12
1 78
1 66
8 58
7 69
6 73
3 80
3 82
1 89
2 95
8 88
2 80
8 57
8
3 90
9 78
3 67
5 62
8 93
4 75
7 96
9 84
3
7 100
1 58
8 81
2
3 63
9 53
8
3 86
4 86
8 76
6 67
7 60
1 75
10 94
10 89
1
5 95
11
4 84
8 73
6 54
4 68
9 67
9 94
7 84
7 96
1 100
4 74
6 78
3
2 83
4 98
5 91
2
7 75
8 56
9
5 94
6 97
2 79
6 85
3 80
10 81
3 67
4 83
9 100
8
10 87
6 62
7 52
2 88
6 53
8 65
5 69
6 85
1
4 67
7
9 56
6 65
6 72
2 79
9 78
6 87
4 99
1
6 67
4
9 55
9 93
8 62
9 62
6
9 65
7 70
1 67
9 51
1 81
7 65
1
10 87
5
7 69
5 98
2 68
5 60
6 99
12
3 95
10 92
8 52
2 61
7 84
8 57
9 91
2 86
4 90
6 57
1 56
1 76
12
3 72
3 90
9 53
6 65
4 53
7 50
10 74
6 74
5 55
5 64
8 56
6 50
3
1 79
10 73
9 83
12
2 94
3 68
9 99
10 94
6 85
10 78
9 91
10 66
1 80
9 53
2 50
4 63
2
8 87
6 89
8
10 71
1 88
10 73
5 73
10 95
6 63
2 71
1 53
6
1 94
5 50
9 96
10 84
3 81
10 85
7
3 57
9 98
7 84
3 97
8 97
1 94
5 81
10
6 98
2 55
1 60
9 77
4 63
6 88
3 78
10 56
7 69
8 95
1
2 67
6
6 90
6 80
1 73
9 89
4 83
8 92
3
6 55
7 88
5 90
1
7 86
3
8 75
7 85
9 78
6
2 56
8 82
2 97
3 64
1 92
2 87
5
6 97
3 51
5 64
2 53
10 94
8
6 75
7 60
8 54
8 98
10 84
2 71
3 72
3 91
5
10 95
2 64
1 57
1 100
9 50
3
2 87
4 54
1 100
5
8 75
1 61
5 90
6 93
1 88
7
8 95
1 64
4 92
3 59
5 90
10 53
7 85
5
6 80
9 91
2 73
10 55
10 100
1
1 50
7
4 73
6 59
8 93
4 80
4 91
8 81
7 95
7
6 66
3 82
7 96
7 79
5 65
10 86
2 73
10
10 54
1 80
5 94
9 58
8 83
8 70
7 88
2 76
5 86
7 89
10
10 69
6 60
9 100
3 62
3 81
2 97
6 90
9 100
4 64
9 72
9
6 58
2 84
10 90
8 75
9 53
2 68
7 82
4 85
2 85
11
9 65
1 97
8 74
2 65
10 93
9 63
10 96
10 94
1 92
6 92
1 78
6
6 83
9 98
9 58
8 98
8 85
7 72
7
10 97
1 93
1 50
5 70
7 76
6 91
6 91
9
8 74
10 59
2 64
4 73
7 82
6 88
7 93
3 60
2 79
5
9 64
6 55
2 53
10 64
4 74
10
8 77
4 87
5 57
3 72
1 100
2 91
6 69
2 100
7 63
8 53
3
3 70
6 53
5 53
10
5 70
4 57
10 67
8 50
10 73
7 83
9 69
3 82
1 68
2 92
11
5 61
6 76
8 65
4 65
10 77
7 82
8 90
6 52
4 59
4 68
10 85
6
3 92
5 74
8 61
10 65
9 53
5 57
11
3 76
5 79
5 72
2 54
7 59
8 54
6 85
6 87
10 97
6 53
7 74
10
10 91
5 80
3 92
7 69
7 95
7 71
3 71
3 67
5 51
6 58
3
1 85
9 89
6 66
9
6 94
8 73
10 81
7 54
6 72
8 73
2 99
6 51
9 76
2
8 76
7 72
7
1 62
3 63
5 58
9 77
3 56
6 83
4 69
5
4 52
3 85
3 91
3 75
10 73
3
7 62
9 95
1 50
9
5 82
2 64
7 88
8 89
7 95
3 92
9 67
7 98
9 87
11
2 69
5 77
1 84
3 69
1 90
6 55
10 91
6 74
8 78
9 69
9 59
1
8 84
10
2 60
5 64
8 89
2 73
4 62
7 99
10 78
7 53
2 67
1 79
2
1 76
7 89
9
10 57
10 60
2 53
4 78
6 72
5 76
5 52
4 98
3 80
3
9 87
9 53
4 68
12
3 91
5 70
2 96
9 74
10 88
7 81
8 84
4 75
6 72
1 68
3 63
2 97
8
9 59
4 85
8 50
9 54
7 100
7 99
2 75
9 80
6
7 90
5 68
9 53
8 96
6 84
1 55
2
3 82
3 82
5
1 82
7 68
1 54
5 92
6 94
2
8 56
9 72
5
7 71
7 60
7 56
1 53
4 84
10
8 88
10 66
7 81
4 62
9 96
1 81
10 82
8 79
6 92
2 100
9
10 78
3 69
4 76
7 82
5 57
6 96
3 54
8 100
7 87
11
4 71
1 54
4 94
3 67
2 73
1 61
8 67
7 71
6 64
4 91
8 53
10
1 78
3 90
10 59
8 68
4 60
6 71
7 57
4 83
10 78
2 57
12
4 93
4 70
8 94
8 87
9 97
1 94
10 91
5 90
1 61
8 69
5 67
10 73
8
10 99
2 97
7 79
5 85
8 80
4 71
6 98
5 96
10
6 71
3 71
2 63
10 99
7 70
8 97
1 70
5 100
9 68
1 50
5
4 64
4 65
6 66
3 70
2 85
7
10 100
10 50
3 72
9 71
2 100
2 99
9 71
10
1 96
10 62
10 77
9 72
1 89
5 93
7 54
8 71
2 79
1 61
3
5 93
4 71
1 75
9
8 58
7 93
10 54
9 83
8 66
8 87
5 50
9 87
2 99
6
9 100
6 66
3 58
8 82
1 63
6 53
2
3 100
9 85
6
4 91
9 78
9 97
8 62
7 97
2 100
11
8 57
3 83
10 54
5 85
1 54
6 50
6 83
10 96
5 70
2 87
9 94
1
3 78
2
4 69
4 68
5
6 69
2 54
8 92
2 75
4 59
2
6 86
9 82
11
2 91
7 71
2 69
8 58
7 61
9 77
6 88
3 95
7 98
5 87
2 100
11
1 70
3 63
1 76
2 51
4 55
8 51
7 63
2 65
5 56
1 54
8 57
2
4 61
2 74
2
4 58
5 69
1
5 85
9
1 73
4 58
5 79
1 63
2 99
1 71
9 95
1 90
4 81
7
2 94
8 85
1 54
8 90
4 85
8 76
2 65
11
4 62
8 66
9 100
5 85
1 98
1 73
7 96
2 63
5 62
7 53
8 100
8
4 67
7 64
10 100
8 82
7 72
6 52
5 85
9 59
3
6 99
2 86
10 56
12
9 73
1 86
2 91
10 100
6 62
5 74
6 67
6 57
6 69
10 99
9 69
4 52
5
4 99
10 55
1 86
7 94
7 86
5
10 83
9 67
5 57
2 60
10 52
5
8 96
2 79
7 97
1 51
6 62
8
10 98
6 76
3 67
1 92
5 62
4 87
5 72
1 77
8
5 64
7 56
1 56
1 57
2 70
8 76
9 56
3 68
3
3 94
6 71
9 92
3
3 66
8 93
1 72
12
3 81
8 94
4 66
10 75
8 55
9 99
9 52
5 70
2 81
1 51
9 61
9 55
10
3 65
9 60
2 72
6 80
3 54
6 50
4 83
6 100
9 99
8 57
4
8 98
10 78
10 78
7 78
3
3 96
5 50
8 53
7
10 58
2 86
4 90
6 56
10 72
7 94
8 55
1
2 50
4
2 61
2 68
8 58
1 82
1
10 77
12
5 85
10 73
8 53
9 55
4 68
9 78
9 78
7 63
4 62
10 53
4 81
5 61
2
8 85
8 98
11
6 71
7 77
2 90
7 73
9 82
1 59
10 59
8 56
1 75
3 62
1 88
3
5 64
2 83
9 77
11
4 76
3 91
2 74
2 96
4 94
5 78
8 59
2 74
3 89
2 64
3 70
4
7 52
4 59
7 76
1 92
7
7 53
5 93
7 95
8 83
2 87
1 86
1 94
12
5 63
6 57
1 88
10 67
4 100
1 98
10 60
8 53
10 59
8 78
3 83
6 83
9
5 87
7 62
10 55
8 57
2 96
8 64
4 99
9 82
10 88
9
3 70
1 97
8 98
7 69
6 77
4 98
4 76
2 61
10 85
8
9 98
6 82
5 56
7 81
10 99
9 99
3 90
4 62
9
3 52
4 79
6 52
5 71
4 75
6 58
5 58
3 91
1 54
10
4 60
1 59
7 63
6 98
1 99
10 87
5 76
4 63
2 83
7 68
8
7 66
1 72
1 89
8 51
3 50
1 54
8 80
8 79
2
7 65
2 55
10
5 94
4 51
7 80
4 52
4 75
6 67
10 78
7 78
3 89
4 63
11
8 56
8 68
5 58
10 64
9 58
3 81
1 67
4 73
3 100
2 92
1 98
2
1 66
4 97
3
10 80
5 61
6 87
12
1 73
5 82
5 62
8 89
1 73
3 83
2 95
7 56
6 66
2 55
4 51
1 81
2
7 70
6 73
6
8 94
1 67
7 50
6 82
9 50
7 89
2
6 69
8 56
4
8 90
4 53
1 52
4 95
6
6 60
10 59
2 66
6 91
4 76
3 75
5
10 52
2 85
1 62
4 80
7 69
9
4 79
4 74
10 82
10 98
9 89
5 98
2 71
4 64
9 83
11
2 61
1 84
1 88
1 78
8 75
9 98
4 63
3 58
3 70
8 98
9 72
3
3 51
2 96
1 55
12
8 98
5 89
8 63
9 79
2 63
4 80
4 66
1 54
10 71
2 89
6 78
6 82
8
5 98
9 77
4 98
3 81
6 59
2 95
10 85
1 92
1
3 51
6
5 92
7 79
6 95
4 75
6 59
5 79
12
2 85
9 62
2 86
2 72
1 74
4 93
7 83
9 73
4 57
6 52
6 86
6 66
1
3 88
11
1 61
1 80
9 57
4 66
2 98
1 67
2 70
6 91
4 95
6 58
5 93
4
10 93
1 83
6 72
7 85
8
8 79
9 62
2 80
8 83
5 71
6 54
10 90
3 93
2
9 79
10 89
7
3 89
4 53
7 92
8 87
10 76
3 90
8 94
10
7 75
1 82
3 75
10 75
3 82
6 60
8 74
7 74
2 52
8 71
9
5 53
8 76
2 52
4 93
9 74
1 75
1 83
3 54
2 78
9
8 91
4 80
8 66
2 95
2 88
6 87
4 81
1 53
3 68
2
3 76
4 82
7
5 69
7 54
3 54
6 87
3 54
2 65
5 57
12
7 74
2 76
3 69
10 57
9 68
10 51
5 79
2 60
2 67
7 92
4 77
6 63
8
8 93
5 97
5 96
5 56
10 50
8 53
5 89
5 81
8
9 63
2 56
1 68
10 80
5 94
10 81
4 86
2 93
12
6 86
9 78
8 65
5 68
5 76
5 98
1 57
4 96
10 61
9 59
6 93
7 65
8
7 77
6 70
1 51
10 83
2 51
5 77
8 91
9 98
8
3 97
8 70
4 95
6 67
10 76
5 68
9 68
6 75
12
4 58
4 98
1 53
2 75
7 71
10 71
10 79
9 59
4 97
5 63
2 50
6 74
5
5 83
3 76
6 62
10 60
7 62
8
10 94
8 65
5 87
1 73
3 93
3 77
10 88
9 67
6
1 55
8 81
6 96
8 62
4 92
6 51
1
7 90
9
3 98
10 87
3 63
3 78
2 52
7 98
5 83
9 85
8 68
6
6 77
2 50
4 52
10 89
7 81
8 97
12
3 52
3 94
5 80
3 64
10 61
7 66
2 90
8 64
9 63
4 62
4 94
7 75
3
3 95
5 66
9 50
7
2 52
6 81
7 67
7 55
1 96
4 63
1 57
2
10 62
5 88
5
5 95
4 74
10 60
2 100
10 96
9
9 94
3 84
8 91
9 61
3 80
3 89
6 66
7 74
4 84
1
8 56
8
3 50
1 54
9 89
3 63
2 57
8 89
3 63
9 84
5
9 66
2 86
5 99
3 85
1 67
2
2 62
1 87
4
8 55
8 87
4 55
9 74
7
7 83
1 58
10 72
3 98
9 92
6 99
3 66
3
1 61
1 89
10 92
3
6 80
1 71
2 67
7
8 73
7 77
10 94
8 97
2 86
9 98
4 99
6
2 81
7 56
10 78
2 61
2 52
8 50
11
5 63
5 96
6 56
5 77
1 74
1 60
6 89
4 59
4 68
2 69
8 83
6
7 67
7 50
1 64
7 76
3 50
6 64
2
6 95
1 71
2
6 98
10 68
4
5 57
7 80
1 68
1 61
3
8 63
7 73
10 76
6
2 97
3 84
9 57
3 94
8 78
6 52
1
10 70
1
1 70
4
5 92
10 61
2 54
5 54
3
4 95
4 100
9 58
10
5 65
7 86
2 52
5 88
1 72
7 97
7 95
6 59
5 92
6 99
12
6 87
6 78
1 80
4 53
8 81
2 72
8 69
10 94
4 77
7 89
3 81
8 98
11
10 95
3 73
9 71
1 83
7 74
5 72
7 85
3 68
9 72
3 53
4 50
2
3 79
3 90
10
3 69
4 92
2 55
6 74
2 53
4 70
3 71
3 97
4 84
7 75
9
9 55
3 72
7 78
2 57
6 60
2 62
4 68
4 91
5 61
3
3 95
7 74
8 55
2
8 53
3 53
2
3 90
1 89
9
3 64
3 75
1 95
7 74
4 97
2 99
7 57
7 91
9 80
5
2 70
4 67
7 52
7 82
3 76
12
1 74
7 74
3 98
7 83
4 91
4 70
1 80
2 57
2 69
3 54
7 99
9 85
6
4 58
4 72
10 77
8 62
4 94
2 61
8
10 65
2 70
3 94
3 81
9 82
10 89
4 86
4 72
7
5 88
9 86
10 50
1 62
3 69
9 80
1 57
9
6 91
2 51
10 97
4 86
6 57
9 74
9 85
1 72
8 70
12
10 62
5 80
3 67
6 91
8 98
5 91
5 84
2 86
8 69
3 60
4 69
4 96
4
10 63
9 65
6 53
5 82
2
6 94
9 67
4
3 61
6 97
6 80
10 83
6
6 72
3 57
2 72
6 70
7 72
5 50
10
1 66
2 93
9 92
6 71
10 82
1 70
8 89
6 64
3 81
8 86
6
5 67
2 91
5 50
9 72
8 80
2 60
5
8 97
7 87
1 53
10 57
7 66
6
6 57
9 68
8 52
9 87
2 77
2 98
10
3 76
7 63
5 67
10 94
4 94
7 80
7 57
6 67
10 50
1 70
4
2 86
7 93
4 75
2 94
1
9 89
9
8 57
6 89
2 85
1 69
3 54
9 69
8 55
2 73
8 74
7
2 96
10 82
6 98
8 84
1 57
9 76
8 75
4
9 75
8 100
4 83
7 71
1
3 54
5
10 96
3 76
9 66
8 73
4 64
8
3 67
1 82
2 62
1 50
8 72
8 63
6 88
3 57
2
3 85
1 98
3
7 55
3 53
8 62
10
1 92
4 89
9 94
3 59
2 94
1 79
1 86
3 77
3 76
8 52
10
10 50
1 75
1 99
4 93
10 91
4 72
8 74
3 80
2 89
5 100
2
2 53
9 64
9
9 98
1 97
9 63
2 54
4 89
8 57
9 77
10 93
10 55
6
6 88
9 81
6 67
10 93
6 71
3 99
7
2 94
1 69
5 68
7 98
10 63
7 86
4 82
4
9 53
8 98
10 99
1 63
7
6 97
10 58
7 73
8 83
10 83
6 100
4 66
3
8 72
1 65
6 73
12
3 54
7 95
10 79
8 85
6 53
5 72
3 93
6 90
3 77
5 76
2 92
6 60
11
1 86
1 68
3 82
7 75
7 68
5 78
6 89
5 80
9 66
6 83
8 55
4
7 52
6 61
9 51
8 81
6
7 89
8 69
5 99
5 90
7 60
2 77
1
4 54
10
3 88
8 67
7 50
7 86
2 75
6 69
1 65
5 68
8 87
8 90
7
7 86
8 54
10 87
7 71
10 58
6 57
10 63
1
4 80
5
6 79
8 79
8 98
8 65
6 91
11
5 61
4 76
6 73
4 58
2 74
6 68
6 65
6 71
3 52
5 96
9 66
3
7 71
8 52
8 92
12
7 58
3 70
3 56
6 58
9 71
10 61
9 78
2 68
4 85
10 67
8 68
9 55
2
3 76
9 52
11
2 71
5 77
5 75
6 72
10 98
10 68
7 71
3 52
7 54
7 63
9 76
10
6 59
7 83
8 80
9 87
4 90
6 86
7 83
3 85
1 66
4 86
6
10 55
6 93
10 70
6 66
4 72
9 57
8
6 94
8 95
1 53
9 76
6 78
3 67
2 96
8 100
9
3 99
2 71
2 67
4 51
1 57
9 92
3 87
2 52
2 80
2
6 86
8 71
8
2 80
8 55
4 88
1 71
9 84
10 96
10 55
5 61
6
1 64
3 91
7 79
3 90
9 50
4 93
9
1 54
4 86
7 71
10 91
7 84
9 51
3 94
7 92
2 55
8
7 66
7 86
2 57
2 50
9 75
6 95
8 77
9 72
3
4 96
10 83
1 84
5
8 68
3 51
8 85
2 67
5 95
3
10 93
3 58
3 80
8
5 64
1 78
9 70
3 66
8 74
8 69
4 74
4 71
5
6 94
10 58
2 85
5 82
6 91
8
7 55
3 93
4 100
9 92
1 87
1 91
5 94
9 59
3
10 92
7 79
1 65
7
10 78
4 97
2 66
10 99
3 61
4 56
3 58
5
2 63
3 84
9 62
3 73
9 97
2
5 67
5 91
5
1 54
7 80
9 100
8 92
10 94
5
5 98
5 82
1 64
7 80
1 65
10
9 81
7 96
8 78
3 72
7 57
10 79
3 96
4 90
6 74
5 78
4
4 65
8 93
1 71
2 80
7
8 95
3 78
9 63
10 65
4 56
8 74
2 52
2
5 64
2 53
10
4 62
4 53
5 61
8 67
4 100
2 93
2 54
8 95
5 61
7 83
12
5 80
10 96
2 93
1 66
7 59
3 78
1 93
8 90
2 99
5 85
3 50
9 51
10
8 78
2 63
7 83
3 95
7 72
1 94
2 57
6 83
8 86
2 69
12
2 58
3 94
5 50
4 62
7 72
6 78
4 76
2 81
7 83
2 61
2 60
10 73
12
10 98
10 58
1 69
8 98
1 63
8 76
7 94
8 67
5 74
9 61
4 86
7 85
4
5 86
10 89
8 56
8 92
1
3 79
4
6 78
8 59
10 88
7 50
6
3 89
6 72
1 59
1 76
9 96
5 87
11
10 93
4 83
1 98
3 80
8 59
4 63
1 82
2 94
9 52
6 86
8 56
11
8 86
4 50
8 69
10 89
8 96
7 90
9 88
10 63
5 59
1 55
3 94
9
8 95
7 57
6 78
3 73
10 85
1 58
6 62
3 81
3 87
8
3 97
9 58
5 76
10 58
6 93
4 59
5 80
9 82
5
4 79
1 58
4 80
6 57
4 80
5
8 81
4 99
10 81
10 96
1 70
11
10 90
2 74
5 99
9 52
2 76
3 51
4 73
1 77
5 55
5 65
5 74
10
1 95
2 56
1 93
6 80
1 56
3 77
2 92
1 73
2 84
6 68
12
2 50
7 72
10 94
1 81
10 50
9 76
10 64
8 64
8 76
10 71
8 100
1 53
1
9 75
4
10 92
5 86
9 52
3 67
3
7 64
5 92
2 59
3
8 100
4 81
4 88
7
4 93
9 56
8 86
2 76
2 51
3 81
7 79
12
4 83
10 89
1 96
9 75
9 93
10 80
6 59
3 64
7 92
9 91
10 83
1 70
5
1 94
3 89
7 97
9 62
1 93
9
4 81
4 56
4 73
5 97
4 98
1 63
10 78
4 76
9 61
3
2 93
10 54
3 97
12
4 62
10 73
2 84
3 62
2 85
8 70
9 97
2 87
2 76
3 99
3 55
1 92
8
6 72
7 70
8 93
10 84
9 83
4 62
10 61
2 76
8
7 81
1 95
2 98
6 64
10 80
10 56
9 57
10 67
1
9 67
7
3 65
1 86
10 87
1 84
3 87
7 54
10 76
2
7 76
5 91
6
8 68
10 93
2 62
8 52
8 69
1 61
4
3 64
3 68
8 50
1 69
10
1 82
8 93
1 52
9 83
6 53
7 51
5 89
4 100
6 53
1 83
12
7 99
7 99
7 62
7 65
10 84
7 68
1 76
9 90
10 70
10 80
4 70
8 84
7
6 93
3 77
1 80
1 64
1 51
10 81
4 69
10
6 98
2 87
3 92
8 86
10 93
10 72
2 62
5 52
6 60
1 89
8
9 86
10 96
7 54
3 84
5 72
1 96
10 93
3 63
5
4 93
3 66
7 80
1 85
2 77
11
9 79
1 87
1 69
2 72
9 73
9 59
2 100
7 91
2 58
4 73
7 80
7
3 77
8 87
10 98
6 65
7 57
6 89
6 79
1
1 64
2
8 91
9 88
11
1 79
7 50
5 51
9 63
8 81
10 78
10 96
7 83
5 93
3 76
3 79
11
7 54
8 78
3 83
7 99
9 79
2 77
10 58
1 67
4 77
4 82
4 83
8
3 79
5 95
1 50
5 84
10 63
2 96
1 50
1 51
1
10 93
3
2 64
9 77
8 53
7
1 75
8 92
2 63
4 57
8 57
3 60
5 76
6
8 99
3 91
2 96
1 100
7 96
6 71
1
1 63
8
8 83
1 77
5 82
3 69
4 91
10 66
9 68
9 100
7
7 94
9 66
10 57
7 65
3 50
9 80
6 70
1
8 60
1
7 73
12
4 88
1 72
5 82
9 74
1 56
7 64
5 68
4 63
1 73
5 87
5 74
3 68
5
8 83
4 92
1 69
8 56
4 91
5
1 90
8 88
2 69
8 78
5 93
3
8 90
6 67
7 50
9
1 95
7 61
10 74
6 78
10 85
5 70
2 94
3 58
1 93
1
1 56
3
4 74
3 90
4 59
9
6 58
8 96
8 57
4 78
6 92
2 70
10 53
6 70
4 54
7
4 91
9 93
7 97
6 56
2 71
4 53
4 77
12
9 83
4 92
7 75
9 97
1 72
2 58
9 85
8 67
3 73
8 85
10 82
6 65
11
5 84
6 89
7 79
9 95
6 64
7 70
8 94
3 86
8 63
5 100
1 57
1
7 97
1
1 96
7
3 59
6 64
10 88
5 62
10 52
7 86
9 70
11
2 56
7 71
10 69
6 50
2 73
9 53
9 54
4 56
2 83
5 71
7 69
2
6 88
6 96
9
7 61
4 73
6 81
10 95
10 93
1 73
1 75
10 97
5 93
12
4 51
10 82
8 65
4 53
4 91
5 99
3 63
1 71
1 57
7 50
7 69
8 53
11
3 100
2 52
1 73
7 92
2 51
7 68
8 79
2 80
7 84
10 69
3 78
3
8 53
4 77
10 55
6
10 64
7 59
6 74
6 75
2 86
10 97
5
1 90
4 88
6 91
5 75
2 69
8
5 51
10 76
5 62
1 73
1 54
10 82
6 92
4 100
12
8 61
4 60
7 95
10 76
8 53
3 73
8 84
4 67
1 94
2 96
5 61
8 92
10
5 71
6 66
6 63
5 81
9 87
6 80
4 95
3 65
9 84
2 60
12
5 90
10 93
4 55
7 56
10 93
4 60
4 94
8 73
4 85
3 77
5 94
5 72
12
8 73
4 58
6 98
7 88
10 64
3 66
10 76
8 60
10 77
10 52
4 87
1 58
8
1 97
3 57
6 78
5 67
8 84
3 53
6 51
5 87
11
6 65
7 69
6 51
6 73
2 76
8 90
2 86
3 86
4 52
2 67
7 77
9
4 64
10 54
9 54
5 53
8 60
5 67
6 86
3 88
3 54
8
1 52
10 78
10 66
1 80
5 82
3 63
8 54
2 100
9
1 66
2 97
7 81
4 64
6 83
6 72
6 77
8 80
9 64
6
8 55
9 95
7 60
9 100
8 63
6 61
8
4 51
6 64
3 64
8 96
8 58
2 64
1 60
1 98
2
5 52
9 67
2
9 83
1 91
5
2 57
2 54
7 68
5 56
9 58
2
10 72
2 78
1
6 99
11
8 97
2 78
10 69
9 76
3 53
10 56
6 62
2 86
4 52
5 77
10 89
3
6 61
10 82
9 100
6
5 87
8 92
5 70
1 99
8 99
7 53
6
5 70
10 53
2 76
4 88
1 75
9 81
2
7 85
7 78
3
4 65
1 76
5 99
2
9 60
6 85
5
7 51
3 60
9 58
9 72
3 98
11
3 84
2 99
4 64
2 94
3 51
9 54
7 64
5 53
9 64
7 69
2 67
4
1 80
7 100
1 61
1 51
10
5 79
10 88
7 53
7 55
3 75
8 100
9 66
1 67
3 79
4 94
6
2 51
8 87
1 73
4 67
9 78
10 86
12
8 78
6 80
8 93
3 66
1 97
8 80
6 78
9 50
1 83
3 66
5 99
9 56
6
6 78
8 65
10 70
8 73
4 72
3 58
12
9 74
5 100
2 62
1 84
9 62
1 54
10 83
1 82
10 74
2 91
8 68
2 79
5
4 64
6 63
5 51
5 84
3 90
11
6 89
2 76
5 81
8 67
2 50
8 56
8 60
10 81
2 90
3 59
9 96
7
3 68
4 58
1 99
8 55
8 53
4 76
3 57
9
9 77
6 88
9 86
9 90
4 75
10 53
8 60
2 54
7 99
6
6 81
3 62
7 61
4 94
2 92
7 69
2
9 83
2 75
10
2 61
7 87
1 63
5 91
8 79
5 88
9 74
6 61
1 61
7 86
9
3 85
7 83
5 94
4 68
3 91
9 66
6 100
3 89
8 64
3
6 66
7 67
7 61
7
3 87
9 86
7 60
3 77
2 59
6 80
10 65
8
5 51
7 50
7 89
3 87
4 91
8 87
7 55
7 68
8
2 100
10 58
7 68
4 60
7 83
8 95
8 87
2 59
7
8 83
7 87
10 51
10 50
7 53
10 71
6 61
4
6 98
3 74
6 72
6 56
4
5 65
3 62
10 53
10 52
10
8 55
9 85
7 60
4 94
3 88
1 78
2 56
4 92
3 72
9 62
12
7 95
4 76
8 84
9 72
6 73
3 86
8 60
9 52
8 68
1 71
5 82
7 67
7
7 93
8 92
2 60
8 76
8 99
9 94
7 59
8
5 67
9 52
1 69
8 55
5 95
9 90
1 88
3 60
6
3 95
7 62
1 56
2 72
7 88
5 82
8
6 56
2 75
3 97
4 97
3 58
9 91
1 84
5 78
2
6 100
6 90
1
5 71
1
5 95
12
3 83
9 96
10 79
9 80
8 71
10 75
3 55
1 91
7 72
5 68
9 72
3 52
4
9 64
2 72
10 75
8 68
6
6 51
9 58
4 63
9 74
7 94
8 85
11
10 95
5 68
6 96
7 66
8 68
8 95
6 88
1 64
6 85
6 69
4 50
8
1 64
6 97
8 52
7 95
5 89
8 82
4 72
4 79
5
2 68
6 64
10 93
4 77
9 60
4
6 85
4 80
7 96
10 51
12
7 98
5 85
3 93
8 57
7 96
6 56
4 64
1 63
10 96
2 68
8 68
7 55
4
9 64
3 55
6 90
3 52
11
10 79
9 71
6 52
3 55
4 97
8 76
8 55
3 91
2 72
7 68
4 75
4
10 65
9 73
8 80
7 97
10
5 54
1 68
8 99
2 93
1 58
8 69
8 71
10 53
6 97
9 87
3
9 70
6 100
3 95
12
4 87
1 86
5 55
8 91
2 80
3 72
10 83
8 92
8 73
7 96
2 94
7 93
11
1 85
5 62
7 56
4 64
7 71
7 88
1 76
4 56
8 97
2 66
1 84
11
8 94
10 63
9 92
5 59
9 75
4 67
4 65
1 87
6 93
9 89
6 93
12
5 82
9 54
1 100
4 63
6 87
4 69
10 92
2 77
2 63
2 55
8 87
9 86
10
10 92
5 95
1 71
10 83
2 90
10 76
5 52
5 51
6 76
10 89
11
10 71
2 71
3 61
6 73
10 72
1 66
3 100
6 59
8 66
8 65
2 69
5
4 80
6 68
6 98
10 60
1 74
10
2 87
2 95
7 55
4 73
3 68
8 71
1 62
2 54
7 64
2 62
10
2 64
7 91
1 65
9 83
4 62
9 100
2 70
10 71
2 85
2 70
4
2 89
10 51
1 69
1 71
2
3 60
3 62
2
8 95
8 76
7
6 90
3 81
7 87
4 72
1 73
3 86
1 61
12
5 77
9 89
10 61
7 94
9 58
7 55
1 85
6 86
6 83
6 85
5 63
3 89
9
8 58
10 98
2 83
5 63
9 88
6 72
8 69
8 98
5 59
4
7 59
8 98
7 93
8 55
12
9 87
3 54
10 96
9 60
3 94
3 63
5 91
7 88
9 94
7 67
9 88
5 86
4
1 84
3 54
10 55
9 86
1
4 81
12
8 97
8 70
7 95
3 60
3 99
1 71
5 64
3 93
3 96
4 96
8 91
10 53
4
10 68
2 97
5 96
7 58
8
10 72
9 96
1 74
7 58
5 58
5 65
4 67
7 50
6
6 86
6 69
3 56
10 50
7 96
5 82
3
2 83
3 90
4 75
5
4 72
7 85
7 92
2 93
1 66
12
3 77
1 84
3 95
2 72
5 85
10 60
3 82
1 69
10 85
7 51
1 94
7 56
5
6 92
8 78
6 60
5 57
6 73
9
2 64
2 92
10 97
2 50
7 75
1 60
6 86
9 50
1 77
8
10 64
4 72
7 53
10 75
9 50
3 92
5 91
4 99
6
5 76
5 97
8 58
4 72
4 80
7 96
5
3 64
6 95
1 65
5 73
6 76
4
5 87
3 87
2 79
9 100
6
4 82
4 52
9 70
7 98
9 84
8 71
4
7 94
9 82
10 100
2 50
4
7 98
1 67
5 52
2 73
2
2 51
9 73
7
4 92
6 52
2 80
4 89
7 73
10 95
8 58
6
1 82
5 93
6 83
5 84
1 100
5 79
1
5 88
11
6 88
3 97
9 97
8 70
2 71
10 83
9 67
6 54
8 98
3 99
3 57
12
5 72
6 69
6 86
10 63
1 80
4 83
4 73
4 89
9 58
3 65
1 82
2 81
10
7 57
2 83
9 100
5 98
9 87
7 73
2 90
5 75
7 51
1 86
10
7 52
6 52
9 74
6 64
9 63
2 79
9 74
9 97
5 88
5 62
1
9 67
6
9 69
10 57
5 74
1 94
9 59
7 91
1
1 88
9
4 52
5 98
6 99
2 100
3 55
9 65
7 87
6 65
1 64
4
1 76
5 76
2 60
9 90
4
7 98
6 97
9 74
2 95
6
10 76
2 58
2 94
4 97
4 50
2 87
2
3 62
8 92
3
5 84
1 73
8 96
7
4 88
6 91
10 65
4 90
5 75
2 87
2 63
6
9 75
6 65
6 87
8 62
9 52
6 96
12
7 93
8 80
5 87
6 68
5 64
3 52
4 83
9 69
4 84
1 68
5 59
1 98
9
1 91
2 69
10 65
6 51
9 60
3 80
5 72
10 76
2 72
8
3 61
3 57
1 57
4 95
5 80
6 54
5 54
7 87
3
8 94
4 66
1 50
1
7 56
11
3 73
7 89
1 61
5 82
7 85
9 73
7 67
6 91
7 83
4 85
4 50
8
3 76
2 77
9 82
8 82
5 84
7 100
1 68
1 71
1
6 79
4
9 100
5 87
9 98
4 95
7
7 50
7 94
4 59
6 88
6 88
10 86
6 69
7
4 51
8 89
3 63
6 82
7 88
9 68
1 81
12
2 90
10 68
5 79
4 90
1 73
1 72
3 63
9 80
8 94
1 54
7 90
4 67
6
7 66
9 82
10 93
5 91
6 59
8 61
12
4 80
4 81
2 59
7 63
1 100
3 94
7 87
9 79
8 84
2 87
9 94
5 98
1
4 57
11
1 100
1 88
9 79
1 81
5 87
3 65
1 53
10 65
8 78
10 99
2 51
4
5 50
9 82
1 98
10 50
12
8 98
3 83
5 85
2 74
5 86
7 93
3 65
8 52
4 82
6 85
2 70
3 70
11
8 74
6 78
5 97
9 94
10 60
6 78
9 63
8 81
4 99
8 75
7 50
1
8 99
3
4 88
9 88
7 81
12
4 63
4 57
6 86
7 68
5 81
10 65
10 83
8 68
1 53
5 57
8 50
10 84
3
6 81
5 72
1 75
12
8 72
3 60
4 76
6 98
1 73
6 86
6 84
5 88
1 50
6 97
3 59
4 63
1
1 91
5
5 68
2 51
10 93
3 78
10 79
9
3 75
5 65
5 78
6 50
3 61
4 78
4 57
1 67
2 72
4
7 81
1 98
9 69
5 74
1
6 99
4
2 86
5 71
7 78
6 94
4
5 59
3 64
7 81
6 72
7
8 77
1 82
3 59
9 55
1 82
3 62
10 55
10
5 81
7 77
6 73
1 86
3 86
7 72
9 91
1 75
9 97
10 84
10
8 62
10 64
6 66
9 86
5 63
9 66
10 100
2 95
2 91
9 55
7
10 64
4 95
4 79
10 57
4 50
2 55
4 67
9
9 71
6 87
6 87
1 60
7 57
6 100
3 73
6 95
9 81
9
4 92
8 98
3 64
3 75
2 100
7 89
4 66
5 56
1 62
1
5 75
11
6 77
4 97
5 77
5 84
3 78
7 87
8 95
7 92
10 84
6 73
1 56
10
7 73
2 74
8 89
10 67
1 60
1 55
1 95
1 92
9 51
7 96
5
6 75
9 64
9 94
10 71
4 62
7
6 87
5 74
6 90
5 88
6 97
1 81
10 69
5
3 60
8 56
9 98
5 89
1 74
2
1 73
6 79
3
7 99
10 71
4 56
12
3 65
6 67
3 71
8 84
6 65
10 69
5 59
8 78
5 53
9 100
8 77
1 96
10
9 71
6 95
2 50
3 62
5 74
1 50
3 51
5 72
4 54
8 57
7
2 84
3 53
1 59
3 69
1 51
4 73
6 55
12
7 91
8 97
7 76
7 57
10 98
8 92
8 71
6 67
4 100
3 98
8 69
7 80
10
1 80
5 69
8 70
7 74
3 50
6 77
5 75
5 71
10 73
10 85
12
4 62
1 72
7 63
2 68
10 82
1 62
2 53
7 56
2 73
9 97
10 80
8 60
11
2 98
6 75
9 57
6 82
5 58
5 99
3 65
8 85
3 55
8 88
9 75
2
7 77
5 85
1
3 51
7
1 79
5 62
7 57
3 95
4 54
5 88
3 79
7
1 97
2 62
3 81
4 86
8 68
10 55
5 77
3
10 50
3 55
1 68
12
3 63
3 95
9 73
6 86
8 72
6 64
5 58
1 51
3 97
5 87
3 98
7 86
1
1 60
10
10 65
9 60
3 66
5 54
3 53
3 60
9 68
4 77
3 65
5 65
9
6 63
7 68
2 69
8 89
4 65
2 63
6 71
6 84
2 63
12
6 80
3 76
3 94
3 56
5 75
10 61
3 94
5 100
4 52
7 54
8 91
10 93
8
4 75
1 60
8 59
10 51
4 97
2 89
3 57
1 66
2
7 59
1 86
10
7 60
6 85
8 59
10 80
7 76
4 100
4 76
6 92
10 98
3 55
2
7 64
3 64
3
1 98
2 94
3 95
4
7 93
3 92
4 81
4 85
6
2 95
7 63
8 57
3 63
2 59
5 78
3
5 70
7 52
2 57
8
3 74
3 57
2 65
8 87
10 93
8 79
6 82
3 74
9
10 98
1 83
8 74
5 73
1 84
2 56
7 66
8 80
4 51
2
6 85
10 81
4
9 68
5 59
6 73
4 61
11
4 70
6 84
5 54
8 57
7 68
5 50
4 50
3 72
4 64
6 55
4 99
12
7 68
3 50
10 97
2 71
2 83
9 92
5 78
8 99
3 52
5 77
1 66
2 68
4
4 57
2 82
1 53
4 82
1
9 91
7
10 99
4 73
7 94
2 75
9 69
8 93
9 70
12
8 69
9 87
1 84
9 50
7 95
3 99
2 88
10 55
5 50
3 85
9 96
7 87
