1000
13
10 96
2 98
9 72
10 70
2 56
7 93
9 100
8 98
4 62
2 52
2 73
7 55
2 63
13
6 99
2 79
6 70
2 67
8 67
2 60
3 63
6 88
10 82
3 73
5 53
1 85
8 93
13
6 87
10 89
9 58
2 74
1 61
7 73
2 81
6 85
1 96
1 63
3 91
7 87
1 64
13
5 52
7 85
7 75
10 53
4 63
3 98
7 99
6 83
5 73
3 53
3 68
7 79
1 100
16
2 98
1 95
5 93
1 90
7 83
7 99
4 92
4 59
5 98
5 74
10 67
5 53
1 77
10 64
3 56
1 60
13
2 58
9 66
4 86
4 97
6 88
9 72
6 51
10 57
4 99
5 69
4 73
9 66
8 94
14
1 95
3 60
9 66
9 86
10 64
6 93
10 83
3 71
8 80
1 83
9 69
3 79
4 81
3 80
16
8 100
3 98
7 72
3 91
6 50
4 80
1 84
6 84
7 51
1 98
10 92
1 86
8 69
3 62
3 56
6 54
16
10 81
4 76
10 95
4 92
10 71
6 68
6 100
3 59
7 86
9 84
9 97
10 73
3 100
6 95
2 58
7 64
15
10 79
3 97
3 69
7 60
9 74
1 52
6 93
8 90
5 63
7 93
6 96
1 87
7 90
10 78
5 67
13
10 64
8 100
4 65
3 78
3 68
8 53
4 99
1 56
2 58
4 79
10 84
9 68
8 74
15
4 63
9 71
7 51
6 95
6 84
9 86
3 71
8 84
3 84
4 51
9 100
3 60
3 96
8 62
10 53
14
6 74
3 81
6 74
7 59
3 96
6 84
7 85
8 89
2 50
10 100
4 98
8 60
2 94
9 79
16
3 97
6 60
7 55
3 88
9 50
9 63
9 86
4 89
10 51
7 65
5 74
4 68
7 99
3 52
2 93
4 96
13
7 61
7 53
6 96
4 86
4 63
8 83
5 81
6 53
1 63
5 74
10 50
6 61
8 84
14
3 81
8 80
2 85
1 95
4 88
7 76
9 85
6 59
5 85
6 90
1 85
7 83
4 52
1 75
16
9 94
5 90
4 72
4 91
7 71
7 59
9 52
7 78
5 62
2 59
5 87
3 77
2 83
6 100
8 65
1 73
16
10 81
2 53
1 60
4 61
7 93
3 57
2 73
7 66
4 84
5 55
4 83
6 87
2 66
9 72
1 69
3 61
14
1 72
8 51
4 99
7 75
2 98
2 85
1 76
7 58
7 97
10 76
7 83
7 81
9 81
4 71
15
2 58
4 85
1 77
2 73
7 53
7 55
7 52
10 85
2 56
6 50
9 74
5 61
4 70
9 79
5 90
14
1 90
2 90
8 76
2 90
8 65
1 53
5 86
4 96
9 64
1 85
9 75
6 79
2 62
2 77
15
8 96
5 65
10 72
3 55
5 56
7 71
3 87
3 89
10 64
9 73
3 53
9 68
2 70
10 57
10 71
13
7 57
5 59
6 59
6 80
3 96
5 64
2 86
1 88
3 52
8 50
4 62
6 98
9 89
15
1 89
6 81
8 67
2 85
2 56
2 73
6 86
2 63
9 82
6 54
4 76
10 76
8 73
10 76
8 50
16
8 70
9 81
10 81
8 50
6 58
6 56
2 68
4 96
9 57
8 79
5 98
3 79
8 79
1 88
7 88
9 62
16
1 50
10 74
5 75
5 54
5 92
8 78
3 93
8 77
1 81
4 64
1 79
10 70
9 57
7 99
5 78
9 83
16
3 51
1 86
1 94
6 98
4 75
1 98
6 100
4 80
3 92
6 78
9 64
9 90
8 87
3 90
6 51
7 62
15
6 50
7 74
4 61
9 84
2 60
6 51
2 58
4 52
2 59
4 62
3 56
8 60
5 82
1 53
9 67
16
9 68
7 73
9 66
8 60
6 52
4 59
5 74
3 76
8 97
2 87
5 70
5 80
4 50
8 80
9 74
8 95
15
4 76
5 79
2 73
3 74
6 78
10 55
3 70
6 100
9 85
6 92
9 93
6 91
6 83
7 77
7 66
14
1 88
9 78
7 92
10 57
9 73
4 56
1 92
4 88
1 65
5 54
2 97
3 94
2 67
7 66
16
3 58
4 95
3 57
7 74
5 93
8 98
1 76
4 65
6 73
9 76
10 53
2 83
7 74
9 60
1 88
8 60
13
9 68
9 50
4 98
10 64
2 52
10 77
9 75
1 54
9 80
10 93
5 83
1 52
9 55
16
8 98
2 92
2 88
4 67
3 63
10 80
7 84
1 63
7 70
7 78
2 76
7 61
6 100
10 69
4 77
10 75
13
8 76
1 80
3 68
5 99
9 73
10 87
9 94
2 83
10 66
9 95
10 64
6 69
4 100
15
4 100
10 84
5 56
5 61
8 100
8 76
7 54
9 90
7 76
6 97
3 66
1 62
5 71
8 71
10 100
16
1 72
6 53
8 72
6 91
6 88
4 98
3 72
1 54
4 70
3 89
6 72
5 54
9 87
1 91
9 99
10 88
13
4 60
8 93
7 97
8 60
2 100
7 77
7 94
6 86
5 87
5 58
7 61
10 92
2 59
15
10 76
6 78
3 50
7 54
7 94
2 91
3 67
9 71
10 50
6 100
10 78
7 72
9 58
7 61
1 100
15
8 85
8 60
1 56
7 98
5 88
3 83
1 97
5 50
3 88
8 65
6 54
3 60
7 78
9 100
5 56
16
2 71
7 88
2 59
5 59
6 58
9 87
6 88
3 95
4 50
7 79
6 90
9 81
1 61
3 80
2 90
5 84
13
5 83
7 52
8 66
3 93
7 56
1 81
3 77
1 84
6 91
4 92
1 73
5 87
10 97
16
9 77
4 68
7 67
1 80
7 90
10 51
5 66
10 85
10 75
9 79
10 85
4 77
3 52
8 53
2 85
4 76
13
7 57
3 79
6 68
9 91
2 98
1 96
4 77
4 95
8 56
8 100
10 78
9 79
4 92
16
5 62
5 77
3 83
2 85
10 96
8 59
2 63
10 88
2 90
5 84
8 97
8 57
4 93
2 99
7 97
9 100
15
4 57
4 54
3 98
6 55
1 98
2 95
8 69
2 78
6 53
10 100
8 76
10 72
7 74
6 74
10 94
14
8 76
2 100
6 67
1 65
1 82
2 72
1 54
3 79
10 100
6 56
1 66
4 80
9 93
3 98
14
6 60
8 63
5 91
4 66
6 66
3 66
10 84
4 60
5 73
2 81
8 89
5 83
8 83
5 63
13
9 63
3 81
9 96
3 52
6 58
8 78
5 92
6 75
9 96
8 68
10 93
3 87
10 59
16
4 64
6 85
5 81
9 99
9 69
4 74
9 51
8 87
3 67
2 88
10 52
6 100
6 65
1 54
3 100
3 77
16
8 82
1 67
1 70
5 92
8 93
7 98
3 70
3 98
9 84
3 95
9 75
5 71
2 64
5 93
5 65
6 85
13
4 78
6 77
9 86
3 51
1 69
6 100
1 62
10 96
3 63
9 90
2 73
9 78
6 74
15
8 82
1 95
4 100
9 51
2 80
6 95
5 89
3 55
10 54
5 70
4 100
8 64
6 73
4 52
1 78
13
1 59
1 73
6 65
9 96
9 56
1 54
1 92
4 56
6 51
9 53
6 59
8 71
9 80
15
5 57
6 96
5 62
10 68
3 62
2 66
2 93
5 95
8 69
3 97
6 66
2 82
3 100
7 93
9 69
13
6 68
8 91
5 61
7 98
8 64
2 78
8 96
4 86
5 88
6 55
8 50
5 98
4 57
14
1 57
8 51
9 74
10 71
8 58
10 92
9 85
1 76
6 74
10 91
2 68
9 50
7 66
9 87
14
2 95
8 97
7 74
4 71
1 75
8 76
2 75
2 68
1 91
6 79
7 85
1 82
1 56
2 94
16
6 54
3 97
3 55
2 55
5 85
3 99
2 97
7 96
5 59
7 84
2 85
10 75
7 93
7 85
8 62
6 72
16
9 94
10 88
5 95
2 81
4 60
9 51
8 50
7 75
9 83
8 73
6 85
2 98
3 93
9 99
7 67
3 84
15
2 81
2 56
3 94
5 50
4 59
6 79
2 66
7 99
10 86
9 74
3 71
8 85
9 57
1 97
1 88
15
9 63
8 55
1 66
2 53
5 85
5 61
9 75
10 69
4 61
1 73
1 76
10 73
3 91
4 57
1 88
14
10 83
8 64
2 77
8 78
9 64
4 73
4 75
10 77
9 62
2 77
3 77
8 68
8 100
6 92
14
4 75
4 66
9 96
4 99
10 69
1 61
1 62
5 91
10 72
5 71
1 78
8 71
2 59
7 58
16
6 62
9 68
1 52
9 65
8 71
1 94
8 96
4 54
8 89
3 91
1 62
10 60
5 64
6 56
8 83
6 57
16
6 85
10 82
6 53
2 93
4 100
8 52
7 61
4 71
8 56
6 74
1 90
4 91
8 58
7 76
2 70
7 90
15
4 72
3 55
10 79
5 100
4 95
2 87
2 56
3 80
5 57
8 58
4 76
9 86
7 57
7 78
1 72
16
2 87
5 84
4 91
9 99
8 73
7 65
2 78
5 87
3 89
2 74
5 94
9 59
7 81
7 82
8 74
5 55
14
1 85
6 53
5 50
4 88
7 70
4 75
1 69
4 76
7 87
5 86
1 72
2 63
1 79
3 57
16
6 76
7 94
3 69
8 100
2 60
6 69
3 50
3 75
1 65
10 61
2 69
8 94
10 78
7 74
3 65
3 60
16
2 58
7 77
4 100
8 63
3 85
9 70
7 75
6 86
8 61
9 76
10 53
4 96
10 51
4 84
5 63
2 81
16
10 67
3 100
3 79
6 76
9 77
1 90
10 58
4 96
3 83
6 93
3 74
9 98
1 63
5 73
3 86
5 57
14
8 65
4 92
6 95
8 74
4 79
4 97
3 81
3 78
2 52
5 56
2 83
10 69
3 91
8 67
15
9 51
9 88
3 83
2 56
9 93
3 57
5 61
2 66
3 73
5 54
3 68
7 74
8 91
9 100
5 97
15
3 69
2 92
7 55
10 95
4 86
3 90
7 93
4 98
10 55
10 75
1 76
1 100
4 64
9 85
3 99
15
4 83
2 67
7 94
10 84
6 83
4 54
5 50
7 84
7 51
1 99
5 57
8 74
7 74
1 71
6 71
16
10 60
2 97
5 59
1 80
8 51
4 92
3 58
4 74
5 87
10 67
1 68
2 54
6 64
4 88
10 55
2 77
14
4 51
4 51
5 78
9 83
8 66
7 88
7 82
8 74
10 57
1 68
2 62
9 98
7 62
6 75
14
3 51
7 87
1 58
3 77
9 90
8 61
8 86
8 86
3 88
9 76
10 59
2 58
4 70
9 73
15
7 79
7 98
8 71
2 93
6 62
9 83
9 81
1 52
7 55
8 79
9 83
1 80
7 79
1 57
3 56
15
3 96
6 74
3 58
7 89
6 87
2 70
5 98
1 84
10 58
5 90
10 99
1 96
8 73
9 87
7 73
13
3 72
10 89
1 81
1 96
3 67
7 76
6 100
1 53
2 100
3 60
2 71
5 59
4 99
15
7 63
9 56
1 92
4 77
7 88
8 70
9 80
1 57
5 84
3 54
1 53
9 92
7 70
2 78
4 84
16
1 84
7 58
7 61
8 73
2 60
6 73
5 64
2 50
8 71
5 50
1 74
5 78
7 75
1 56
9 51
3 96
15
4 66
6 54
4 97
9 82
4 58
8 65
5 65
10 89
5 88
7 69
2 89
5 83
2 69
3 93
5 59
13
6 80
6 87
3 60
4 88
3 61
6 62
2 91
10 84
9 62
10 61
6 98
10 57
9 54
15
2 59
1 78
3 51
3 68
8 63
1 96
2 50
8 94
10 80
5 72
4 81
1 91
10 100
10 86
8 93
15
5 73
2 82
9 99
2 50
5 63
3 53
2 50
5 70
4 68
7 78
10 89
3 82
2 68
8 54
9 84
16
1 73
9 74
3 74
3 56
4 56
4 61
1 95
6 55
6 66
4 64
1 77
4 90
2 72
1 53
10 100
7 69
14
5 81
6 93
7 57
3 82
2 79
8 68
9 61
8 82
8 50
6 79
10 70
10 81
1 58
3 61
16
7 99
7 57
3 93
3 70
2 54
1 69
6 89
5 52
8 66
4 75
8 75
7 85
3 60
2 66
1 63
6 72
15
2 64
5 50
8 90
7 62
6 53
8 90
6 78
8 53
7 61
10 93
1 50
8 90
5 96
1 73
9 86
16
6 62
7 50
3 83
1 87
6 91
9 97
8 85
5 74
1 56
3 69
8 86
3 72
3 60
10 61
3 60
4 50
15
1 68
7 57
7 65
8 96
2 51
3 94
8 94
10 73
7 80
7 67
8 95
1 80
8 68
1 69
3 83
13
4 63
8 74
7 73
6 82
8 90
4 98
8 78
5 61
7 77
8 77
9 63
9 91
6 95
16
7 69
9 95
4 52
7 85
1 74
9 87
2 75
7 51
9 72
8 78
1 77
6 61
4 58
9 97
4 82
9 71
13
1 77
8 82
8 79
2 84
1 74
4 100
10 81
9 81
4 88
3 78
7 67
4 60
8 85
14
10 95
2 54
10 52
10 64
6 62
4 84
2 98
9 92
10 96
1 97
10 73
10 89
3 61
4 86
13
8 64
6 100
4 95
2 70
5 95
8 75
2 64
10 97
4 100
3 68
9 91
5 71
9 84
15
2 89
5 78
4 85
7 98
9 83
4 95
4 74
3 63
1 57
8 65
9 84
5 78
9 76
6 84
9 68
14
6 52
1 79
9 82
5 50
7 68
5 64
1 88
2 80
5 87
9 60
8 79
4 87
2 53
2 95
16
7 97
7 97
6 87
10 61
5 91
6 55
6 90
5 72
6 66
6 52
5 53
2 60
6 68
1 55
3 73
9 75
15
10 99
6 86
5 64
2 83
8 59
9 100
10 81
2 65
10 97
10 58
3 86
4 95
2 70
10 59
5 64
16
9 66
5 83
4 76
4 73
6 92
8 64
6 84
2 58
1 90
5 56
7 97
3 91
5 87
6 65
2 76
1 71
14
5 64
7 63
7 58
10 79
8 66
3 85
2 87
5 74
4 84
10 95
6 76
1 55
5 59
5 96
13
2 69
8 83
10 51
1 50
4 90
10 90
5 65
4 99
3 69
8 99
4 56
1 69
8 79
14
3 55
10 52
2 59
4 61
2 58
8 91
9 100
7 52
9 85
3 63
8 82
3 72
6 64
5 62
15
2 97
1 87
1 80
7 51
8 78
1 69
1 71
10 57
2 76
10 89
8 72
8 93
4 89
9 52
4 57
14
5 55
2 92
6 97
10 100
1 78
7 53
7 100
5 63
10 92
5 74
6 77
6 76
1 50
8 87
14
8 50
8 82
3 96
3 78
8 90
5 83
7 70
2 68
10 67
3 54
2 97
4 79
3 62
10 71
14
10 54
1 52
5 67
9 90
4 86
8 60
10 76
3 90
7 67
5 68
1 99
8 75
4 61
7 72
16
3 88
9 87
7 98
1 71
5 87
6 100
10 89
6 79
3 62
10 55
7 72
10 68
7 88
10 87
5 90
3 51
16
4 95
8 78
6 64
2 97
5 63
4 56
3 77
3 63
5 75
3 88
3 73
6 67
5 58
3 100
6 78
3 74
14
2 60
1 65
1 92
1 81
8 54
3 98
9 61
2 85
7 83
4 57
5 60
2 73
7 76
6 78
14
5 56
6 92
8 94
4 93
3 68
7 61
4 63
1 83
5 94
2 93
1 70
6 93
5 80
1 86
15
2 89
7 98
8 83
4 100
2 53
2 76
6 64
4 74
5 59
1 73
1 69
1 53
8 57
1 88
3 78
15
1 74
6 58
5 78
9 70
3 69
1 77
1 59
9 59
5 56
5 71
4 61
7 97
5 99
1 86
3 73
16
10 94
5 62
3 78
2 96
8 86
2 95
10 57
5 88
8 94
10 100
9 70
9 89
9 89
9 61
5 96
9 78
16
7 79
1 92
8 96
2 85
2 50
9 63
5 88
3 93
9 52
5 59
6 75
7 96
6 80
1 94
3 67
3 83
15
2 62
2 95
1 71
2 90
6 68
5 87
7 66
10 74
9 69
7 59
8 89
8 79
10 64
6 70
10 76
16
5 51
2 81
6 60
4 55
9 68
5 100
5 62
9 78
8 74
4 59
10 89
3 72
10 74
8 100
3 76
1 73
16
10 58
2 58
2 64
2 50
9 90
10 56
4 67
7 93
2 80
8 55
10 51
10 59
8 88
9 89
9 65
7 52
13
10 80
5 58
5 50
1 64
9 94
4 81
10 59
3 51
3 85
4 60
9 95
10 68
6 54
16
5 54
3 99
5 51
2 78
10 52
8 70
5 100
3 100
5 72
2 56
6 86
8 68
9 93
3 79
2 75
10 56
13
7 64
9 86
4 86
2 93
2 80
5 94
4 72
7 79
3 73
6 62
2 57
5 86
1 89
16
6 61
2 63
4 73
4 81
1 99
7 82
7 69
9 54
8 57
1 69
8 92
7 85
7 53
5 89
6 68
5 100
16
8 65
1 79
10 93
10 58
3 61
9 93
9 58
2 71
9 83
7 80
5 75
4 64
9 92
10 64
6 68
2 94
13
2 55
10 97
9 65
9 88
1 68
6 69
9 56
7 51
6 76
7 86
4 61
9 92
1 77
15
2 51
6 54
5 60
10 51
6 56
8 75
4 51
1 81
7 76
2 92
9 56
8 73
8 65
5 60
10 69
14
8 70
2 77
9 74
1 70
4 79
5 89
4 66
4 50
9 59
2 88
4 65
9 89
8 94
7 65
13
8 67
6 90
5 88
8 83
8 84
9 73
4 93
10 69
8 78
6 90
5 74
1 71
2 92
16
6 61
1 73
1 73
5 76
7 64
8 65
4 67
1 68
9 80
6 97
2 100
8 95
8 98
7 63
3 60
3 88
15
9 99
2 72
8 88
7 83
5 97
6 74
5 83
7 75
9 62
1 84
2 87
4 73
4 81
7 57
3 80
16
1 83
2 98
9 70
4 69
7 100
6 71
2 50
2 100
5 70
1 53
2 79
2 50
7 63
9 79
7 78
4 74
15
6 82
6 75
6 90
3 86
7 75
7 52
7 51
7 80
5 93
9 81
8 92
4 60
2 85
3 73
5 83
16
3 95
5 95
2 91
8 59
3 98
9 94
1 78
8 54
5 78
6 91
3 55
4 80
3 74
10 63
8 97
8 57
16
8 59
8 91
8 95
7 62
6 68
10 94
10 82
10 54
6 74
4 60
8 81
3 57
10 86
4 85
7 85
3 62
15
9 51
8 80
4 58
9 72
2 77
6 64
5 88
8 92
2 91
7 57
4 54
9 74
8 98
3 68
10 91
13
2 82
1 61
7 73
5 77
7 68
5 51
2 56
3 66
6 54
3 56
1 81
7 81
10 98
16
10 74
7 71
4 50
10 56
10 73
2 51
2 59
1 84
10 57
8 80
10 57
2 98
6 92
4 95
5 96
2 89
13
1 68
5 78
2 50
5 74
5 57
8 84
9 62
1 76
1 74
10 67
9 56
9 52
7 86
16
1 92
4 99
3 65
10 79
2 52
1 74
5 70
1 85
6 80
7 95
5 57
7 85
2 66
1 80
8 72
2 72
15
2 55
1 85
4 100
2 51
2 77
8 82
1 52
2 68
9 70
7 55
10 65
2 86
8 75
6 66
2 85
13
4 54
1 97
7 58
1 64
9 74
8 62
10 72
2 99
7 87
7 64
8 53
6 66
10 60
15
4 67
3 53
7 83
8 84
2 98
3 76
2 85
9 55
10 82
2 58
6 83
1 65
6 72
4 60
9 52
16
4 60
1 56
6 62
7 90
1 71
2 87
2 92
1 91
10 54
10 50
5 74
7 80
1 89
5 81
9 81
8 93
16
4 89
9 67
4 59
3 88
6 67
9 61
2 73
10 57
2 88
2 82
10 98
6 67
2 87
5 82
3 87
2 54
13
1 99
9 90
7 61
4 86
3 77
7 81
10 73
7 83
5 73
6 89
4 53
10 61
4 58
16
9 97
10 62
4 91
9 61
4 66
4 61
1 100
8 83
7 71
6 78
9 80
7 92
5 100
10 93
9 76
2 70
14
1 64
6 86
8 76
2 70
10 67
5 78
8 97
3 71
1 61
7 91
1 57
2 63
5 92
7 50
14
6 88
7 79
1 68
7 55
3 78
1 54
7 50
3 95
4 68
5 85
7 100
1 92
3 96
1 52
14
4 55
2 55
1 75
7 53
2 85
5 99
3 84
7 75
1 88
9 65
8 84
6 97
4 94
2 72
16
5 63
3 55
8 75
4 50
5 92
3 77
8 98
10 100
6 63
4 53
9 66
8 83
8 100
5 98
2 65
1 70
13
9 92
2 61
8 98
6 83
10 58
1 82
6 82
3 98
6 64
9 66
4 94
1 93
7 87
13
5 52
7 96
8 82
7 78
1 93
2 89
6 97
6 82
9 71
8 88
5 80
2 99
5 90
15
4 84
10 83
8 83
6 93
10 87
5 92
7 51
2 98
10 86
7 95
9 63
10 76
2 73
4 82
4 82
16
7 53
2 58
9 85
9 97
3 93
9 100
5 86
10 52
1 97
1 96
8 64
10 63
9 65
10 79
10 78
4 80
13
7 52
6 62
9 75
5 69
10 84
8 71
2 70
6 81
1 97
6 78
7 81
6 74
8 85
14
7 99
2 91
2 80
3 75
10 87
6 58
5 62
2 76
5 91
2 84
4 67
9 69
4 70
4 64
14
5 81
10 91
4 52
10 89
3 66
2 62
7 71
5 83
10 74
1 92
10 56
3 54
3 98
4 100
16
5 100
1 71
5 85
3 99
3 98
4 65
1 85
1 63
9 79
2 80
6 100
4 82
7 82
7 56
2 75
2 94
15
7 68
3 51
6 53
9 61
10 77
2 77
2 92
8 78
9 99
4 72
1 98
3 84
1 79
7 67
6 63
14
10 53
2 79
10 68
7 78
9 56
8 61
9 69
4 64
4 62
10 74
5 69
9 91
3 68
7 53
16
9 84
1 88
4 91
5 63
8 89
6 63
7 61
7 62
1 71
6 99
6 89
7 52
2 55
3 54
6 63
6 66
14
5 83
5 82
4 91
5 79
9 57
9 65
6 99
7 91
9 88
9 81
5 96
5 52
6 60
3 85
15
3 98
3 79
7 66
8 58
6 69
5 92
1 68
9 91
1 87
9 81
6 51
1 62
8 51
10 85
3 68
13
10 53
6 68
2 81
10 83
2 69
10 79
9 91
1 66
8 73
10 53
7 68
5 87
9 93
15
1 82
10 87
2 83
2 65
8 81
4 66
1 58
9 71
8 79
3 70
5 81
2 79
1 93
8 67
5 82
15
10 71
2 83
8 91
7 90
3 96
9 61
7 98
5 51
6 66
9 53
2 91
2 85
9 77
8 91
8 81
13
8 50
7 90
7 79
6 94
3 65
9 58
2 80
6 51
4 72
2 64
3 79
3 71
10 76
16
3 95
8 85
7 77
5 97
5 54
7 57
5 89
9 94
10 58
4 63
6 57
2 85
7 67
1 57
3 73
6 68
15
10 70
4 51
2 90
10 50
6 59
7 97
1 72
3 71
10 84
1 82
3 58
8 58
2 57
2 64
9 99
14
10 52
4 98
3 51
6 98
2 91
5 75
2 72
3 62
8 53
2 99
4 93
6 66
8 63
3 93
16
7 61
5 50
6 66
8 51
10 69
10 54
1 73
8 90
5 74
2 98
9 97
10 72
1 54
6 93
10 88
3 59
14
2 53
10 77
3 54
4 72
4 83
3 89
8 74
5 84
5 96
9 62
6 88
1 91
8 93
6 75
16
8 61
10 63
7 58
2 53
9 93
8 60
2 78
1 69
5 91
6 61
10 85
8 78
6 71
6 83
2 62
8 60
16
7 84
8 59
10 81
3 62
3 84
1 61
6 59
8 94
8 69
9 84
1 79
9 84
1 96
7 67
9 58
2 89
14
5 85
9 85
5 92
6 50
8 54
6 91
10 100
8 70
8 96
7 86
4 97
9 70
3 79
9 100
13
4 84
9 90
7 54
10 62
9 58
8 100
9 100
1 89
2 94
1 86
6 100
4 70
10 55
15
10 79
10 51
1 93
4 85
6 62
4 87
4 91
10 80
7 50
4 93
7 98
4 99
8 58
8 73
9 88
14
3 99
4 87
4 65
7 78
2 71
4 64
10 85
3 62
10 54
1 56
9 67
10 66
4 81
4 97
15
6 80
5 86
2 99
9 53
6 91
10 82
9 65
2 81
7 99
1 94
3 70
1 83
6 82
5 52
5 64
13
1 57
4 60
6 53
1 86
3 86
9 66
9 95
3 59
8 79
10 63
3 65
2 81
6 88
13
8 70
6 96
3 93
8 80
3 65
8 84
8 50
4 83
2 72
5 57
2 91
6 97
2 74
14
5 61
7 94
10 99
5 74
9 65
9 76
7 84
5 80
1 83
10 84
10 52
6 52
9 67
9 53
14
4 73
1 72
9 62
9 51
1 55
3 72
2 63
9 61
6 93
8 92
3 84
1 71
8 64
1 73
14
9 91
2 77
9 82
10 59
2 88
2 87
3 75
5 73
10 82
6 71
5 54
10 55
7 92
1 81
14
6 93
7 95
6 64
1 67
3 100
3 65
3 99
3 50
5 66
4 91
7 93
9 94
1 51
8 71
16
6 88
4 64
3 80
3 66
6 89
9 59
1 87
6 62
9 68
4 58
5 73
3 58
10 81
9 99
2 97
1 76
16
9 54
1 66
9 82
2 84
7 99
5 73
7 52
9 99
7 57
7 57
8 95
9 100
2 79
10 70
6 79
7 92
14
9 99
8 95
3 79
5 91
10 96
6 60
4 83
6 94
4 66
6 100
1 59
7 80
10 81
5 76
16
7 58
6 82
6 88
3 81
3 88
1 91
2 72
2 84
3 81
5 57
9 100
3 72
10 89
6 69
9 51
5 51
14
6 85
9 61
2 74
10 61
8 88
1 63
2 74
9 82
3 87
2 70
8 95
9 56
1 56
2 57
13
5 68
8 92
3 99
8 59
10 83
3 62
3 61
10 72
7 73
5 93
10 52
5 82
6 68
14
7 77
1 54
7 80
4 100
1 52
8 77
6 82
6 82
5 86
1 63
1 76
5 85
2 51
8 71
15
10 50
1 56
9 91
1 64
10 62
5 76
4 81
2 91
1 76
10 50
3 56
4 73
8 53
3 89
8 62
13
5 65
2 74
6 99
6 52
8 78
1 90
2 92
8 57
6 97
4 98
2 64
10 60
9 89
13
9 91
5 95
6 62
2 58
6 84
6 95
4 77
5 90
1 87
1 100
8 54
6 90
4 90
16
1 51
3 93
6 72
4 99
3 82
3 75
4 69
4 65
2 91
3 78
7 87
4 97
9 93
5 79
6 93
6 91
15
8 76
9 64
10 92
6 81
10 99
5 52
5 53
9 98
7 80
6 96
6 66
4 81
6 84
3 80
4 84
13
7 87
6 86
9 85
6 71
7 82
1 61
5 97
7 97
4 70
1 66
5 89
8 66
2 53
13
9 75
7 93
10 99
8 75
2 100
8 93
6 96
2 54
6 81
5 98
1 93
2 89
1 64
15
9 76
2 53
5 80
6 59
3 81
3 97
2 64
1 51
6 96
2 60
1 55
10 72
7 95
1 98
5 95
13
10 63
10 96
5 96
4 95
3 75
5 74
3 61
7 55
4 78
7 82
2 51
5 98
9 64
16
2 80
5 90
1 78
9 54
7 63
10 56
8 89
9 52
9 65
2 83
5 84
2 95
1 75
1 96
7 56
10 71
14
6 70
10 93
7 93
2 60
1 53
6 69
6 84
4 79
3 86
8 98
9 90
6 88
1 72
4 71
15
5 56
1 51
3 79
6 91
2 73
9 97
3 79
3 77
2 87
2 52
5 76
10 56
6 82
6 76
1 66
15
9 86
6 66
10 82
5 64
6 51
7 100
10 98
10 100
2 66
1 66
5 99
7 96
9 92
1 97
7 93
16
5 100
3 86
1 89
5 53
1 99
10 62
9 96
7 70
8 60
8 100
4 73
1 87
1 98
10 89
5 90
3 51
13
6 78
6 92
9 87
10 84
8 69
10 96
10 78
1 94
10 90
3 97
6 57
7 97
4 88
13
3 57
9 51
5 64
5 84
7 80
8 64
5 50
8 81
6 55
8 88
5 89
4 78
8 96
16
2 65
10 87
4 66
10 94
8 86
6 77
9 62
8 82
3 88
4 64
8 85
4 81
7 88
1 76
8 54
1 100
14
7 95
8 97
9 74
7 64
6 56
1 58
3 80
6 88
5 84
5 85
9 75
5 75
8 68
3 86
13
10 100
7 98
2 93
5 68
3 76
8 89
10 98
10 75
8 64
5 86
4 99
1 55
1 54
15
9 65
9 99
1 58
8 93
3 53
8 96
4 86
3 96
10 71
10 80
6 91
10 52
1 71
4 60
9 57
13
10 87
6 62
3 59
4 84
5 85
1 83
9 53
2 98
8 97
7 80
8 67
6 85
9 62
13
3 60
3 83
3 60
2 97
5 79
1 85
6 90
8 91
2 83
4 61
10 88
7 74
7 74
13
3 87
6 77
9 61
1 74
1 72
7 72
10 87
7 72
10 73
8 91
10 64
1 54
1 84
16
5 77
2 62
8 63
9 61
4 70
10 80
6 86
4 92
9 96
5 81
6 98
7 80
3 70
3 83
9 95
3 83
13
5 95
1 75
9 70
7 71
9 87
5 88
4 51
2 75
3 80
7 96
3 92
8 66
3 61
16
4 72
5 99
8 69
7 65
9 62
6 56
10 91
5 71
3 63
7 52
5 68
5 87
7 94
1 85
6 51
2 83
13
5 70
10 59
2 85
2 84
5 67
6 92
8 88
7 81
9 88
2 98
4 75
5 68
1 89
14
10 66
2 65
6 50
1 60
8 86
7 58
3 100
5 53
2 88
8 96
9 61
2 76
9 67
6 99
13
5 55
9 52
6 50
7 58
10 54
6 99
3 92
1 84
4 72
8 68
8 86
9 71
1 77
13
3 95
5 79
7 99
3 56
8 99
7 77
10 78
2 58
1 70
3 81
5 51
4 57
9 66
13
8 58
8 55
5 96
5 55
4 53
6 87
2 52
7 90
5 66
2 65
9 51
8 95
4 78
15
9 69
7 69
6 87
7 88
2 51
6 93
4 98
8 81
4 72
7 52
2 73
7 75
10 84
4 79
8 84
15
3 70
5 61
2 64
1 55
7 86
6 79
5 80
6 63
8 75
7 63
2 71
8 52
10 91
9 100
1 59
15
8 80
5 54
9 79
4 82
9 60
9 71
4 100
6 69
7 96
1 90
3 78
5 59
1 87
6 57
5 70
15
5 86
8 95
10 77
6 77
5 60
5 79
4 64
1 67
9 76
8 70
3 70
4 88
4 86
5 89
4 78
15
4 96
4 67
9 55
4 51
4 91
2 60
4 90
6 54
4 59
3 83
1 59
5 56
5 90
8 72
9 61
16
4 68
6 92
5 94
5 51
4 64
4 54
8 80
6 67
5 73
3 56
7 100
6 67
1 93
1 64
7 65
6 100
15
4 71
5 58
10 51
2 62
10 70
8 79
7 93
5 92
1 97
3 51
10 77
3 67
4 82
5 96
8 87
14
10 76
2 67
6 80
8 87
2 81
6 81
2 75
5 59
6 87
7 55
7 52
2 94
4 64
7 77
13
3 78
6 54
9 68
7 97
2 76
2 81
9 72
3 93
6 63
1 54
9 81
5 70
6 68
14
5 76
7 73
6 95
6 80
3 91
1 88
5 87
6 67
4 67
1 68
9 59
10 100
9 81
8 86
15
10 72
9 83
3 100
3 83
5 85
2 59
8 76
1 89
1 78
3 56
9 93
4 85
7 76
2 74
2 74
15
2 85
4 98
3 98
7 99
6 88
10 61
2 62
10 57
4 78
3 86
6 60
9 86
4 93
1 74
8 76
14
8 95
6 96
4 86
10 50
9 98
7 86
9 55
5 62
1 73
2 51
5 95
6 77
2 58
1 52
13
2 92
4 66
2 78
5 95
2 99
7 88
5 64
4 96
6 95
10 68
9 81
5 85
3 94
15
3 71
5 59
5 83
6 78
6 62
10 72
6 66
6 74
8 97
2 76
9 90
6 64
4 62
6 87
3 98
16
2 67
7 76
4 88
2 96
6 73
6 66
2 73
7 93
6 59
4 86
10 85
7 76
5 100
7 56
7 54
8 62
15
4 74
7 68
3 86
10 77
3 82
1 84
7 69
10 51
9 79
5 77
8 72
9 76
5 74
10 93
5 100
16
9 58
9 96
7 91
9 78
7 58
6 89
10 55
9 93
1 86
6 54
5 50
5 54
6 85
4 60
7 83
7 54
16
2 67
4 68
5 54
3 82
8 100
9 90
9 81
5 50
3 88
6 52
9 79
9 93
2 76
4 67
7 74
6 100
16
8 56
7 81
7 61
5 74
1 53
6 86
7 61
6 74
10 92
2 59
10 68
9 51
3 60
2 66
9 81
2 94
16
3 81
7 62
10 80
5 87
2 56
1 95
1 54
5 73
9 74
3 72
10 79
8 76
7 66
1 61
8 72
9 60
13
5 92
4 71
3 89
3 53
6 58
6 65
6 51
9 98
10 80
1 87
3 75
10 62
1 74
16
9 97
7 67
7 98
4 86
4 97
5 62
2 50
8 68
4 89
3 96
1 75
1 99
6 83
3 76
6 79
3 53
14
5 82
7 68
4 97
8 59
1 78
10 96
6 87
6 63
1 98
10 53
4 60
1 77
2 71
7 68
16
7 61
8 72
1 99
3 60
10 97
4 74
10 95
5 50
7 59
3 77
9 71
5 75
2 92
3 85
6 68
8 86
13
1 84
8 57
2 58
1 50
3 92
9 96
7 66
10 82
4 70
4 68
2 96
5 81
9 98
13
6 87
10 82
1 71
6 60
3 55
3 56
3 73
2 78
2 78
9 89
5 91
10 52
10 61
14
5 78
6 56
1 95
7 67
6 80
7 59
1 69
6 75
9 89
2 100
1 58
3 84
10 65
10 80
15
10 67
6 93
5 79
3 89
7 83
4 87
4 60
5 66
8 74
5 70
10 62
4 94
7 74
9 90
7 65
16
7 90
10 87
7 75
9 72
2 75
4 95
6 71
7 64
10 76
7 59
6 64
9 60
7 51
9 83
1 78
5 55
15
9 77
5 77
4 59
10 80
10 60
7 57
10 61
9 79
3 67
4 62
1 99
4 56
7 90
9 66
4 68
15
8 55
7 77
10 61
6 80
7 99
10 74
7 77
5 90
7 96
5 73
9 60
5 54
4 88
3 91
6 50
16
8 57
5 76
3 53
5 72
10 73
3 53
1 66
9 66
4 50
7 72
8 79
6 65
3 62
8 67
10 58
8 87
15
8 90
8 74
4 96
2 67
9 96
3 65
8 75
5 51
4 94
1 64
8 66
7 93
2 71
6 64
7 61
15
7 65
7 85
4 62
6 77
7 75
1 80
5 90
7 95
10 56
4 81
7 57
10 55
8 59
6 81
10 74
15
10 93
7 69
3 97
5 76
4 78
7 53
3 70
6 66
5 58
3 71
1 82
4 61
7 54
6 95
7 60
15
7 66
8 95
10 56
7 55
8 77
2 72
1 94
5 72
6 66
3 52
6 80
4 91
4 99
5 59
3 58
13
8 62
1 55
8 50
3 91
4 94
3 80
1 50
3 97
5 78
6 74
3 53
7 90
4 66
14
10 51
10 97
4 77
4 72
10 100
5 62
6 63
3 51
5 71
8 84
6 71
8 94
3 57
3 73
16
5 68
9 64
4 55
3 55
6 79
6 70
3 66
8 75
5 83
4 100
9 66
5 76
4 92
9 93
10 54
5 96
13
1 66
9 82
3 54
8 95
3 56
7 76
1 53
4 76
5 97
6 91
9 87
5 75
9 87
13
10 80
8 93
3 57
4 64
3 98
8 67
3 73
10 64
8 64
9 83
2 83
5 51
1 81
15
6 65
5 86
2 63
1 60
3 73
9 71
6 78
4 95
3 74
10 82
3 64
4 86
3 86
2 61
6 60
13
6 57
7 96
7 82
8 50
6 91
9 72
3 57
7 59
7 93
4 87
8 75
9 83
2 83
16
5 96
5 71
6 88
9 71
9 61
6 82
5 63
9 94
10 65
1 74
3 53
2 65
3 98
10 77
7 91
7 59
16
9 52
10 80
1 53
1 91
8 99
10 78
4 91
3 95
1 90
9 88
5 54
1 57
9 61
10 78
8 58
6 92
15
7 56
2 79
10 95
5 78
5 91
2 94
7 81
9 74
4 59
3 58
6 69
10 76
4 84
6 83
4 67
14
8 52
9 71
3 89
9 67
2 88
9 58
8 71
5 68
10 59
2 96
6 74
4 73
4 76
6 54
14
5 68
2 76
2 63
5 53
7 69
7 60
7 72
6 66
4 99
2 57
9 95
1 75
7 87
8 66
13
6 98
7 67
6 56
5 69
4 57
5 88
9 82
6 82
7 87
1 97
7 51
8 94
3 78
13
2 86
6 50
2 90
2 60
9 65
6 89
1 70
6 50
2 89
6 55
2 55
6 80
3 97
14
6 97
5 89
10 66
9 84
1 97
5 86
3 72
3 82
5 88
2 79
1 62
1 71
3 62
8 97
13
9 81
10 76
8 69
7 93
7 76
7 90
3 94
7 67
4 66
8 69
3 53
4 70
5 53
16
9 62
2 71
5 77
4 52
1 58
6 88
3 58
10 78
2 97
3 82
7 93
7 90
1 58
9 80
7 81
1 61
13
2 67
3 83
7 98
2 58
5 99
5 50
7 92
7 74
3 86
6 77
5 70
3 89
1 87
13
6 78
3 58
3 52
2 90
4 73
4 62
8 81
8 75
6 80
6 77
8 94
3 60
8 57
15
3 99
4 71
6 95
2 57
5 85
9 76
6 67
6 85
10 83
2 94
2 57
4 100
4 61
5 58
6 100
14
3 82
5 72
4 67
6 63
10 61
8 100
9 98
8 83
1 93
7 62
1 98
9 81
1 88
2 56
15
6 64
1 80
4 79
8 59
4 91
7 72
1 67
4 71
1 83
5 67
10 87
9 82
7 86
7 55
3 98
15
3 86
10 50
1 76
6 75
1 100
2 63
10 95
4 70
1 85
1 55
3 59
3 59
7 89
6 94
2 59
15
8 88
9 78
10 75
5 95
10 61
8 68
2 74
5 61
9 78
10 58
10 51
3 75
6 83
1 87
2 92
15
3 59
8 92
1 98
3 72
5 90
6 72
3 62
8 54
5 66
5 59
1 86
3 64
7 60
4 98
2 99
14
10 86
3 51
6 97
8 73
5 82
9 57
1 70
9 56
4 81
2 75
10 68
4 86
5 57
8 95
14
9 52
5 60
4 65
7 53
5 70
5 69
7 54
4 98
2 57
5 100
4 61
4 82
9 64
4 63
13
9 79
5 77
4 82
5 59
2 80
9 81
5 62
7 63
6 95
2 55
5 91
1 93
5 89
14
4 93
4 83
10 97
2 95
9 65
6 60
2 100
10 94
10 87
2 57
3 52
2 72
3 60
10 57
15
1 92
1 97
2 52
6 51
4 81
7 61
5 76
5 58
7 54
3 96
2 68
5 96
8 50
8 79
2 73
13
10 81
6 84
7 73
3 69
8 67
6 70
7 77
2 93
8 94
9 87
8 63
8 53
3 80
16
1 88
3 80
1 86
9 98
8 64
1 93
10 88
8 83
2 50
2 88
7 77
4 57
6 64
6 50
4 95
7 55
16
9 62
6 94
5 81
5 98
3 85
1 70
1 87
4 97
4 56
10 70
7 58
3 91
8 89
6 56
2 76
4 56
16
3 71
9 70
7 61
10 90
3 59
8 67
5 51
6 77
8 69
7 63
7 71
3 98
4 60
4 59
5 65
5 87
15
10 91
10 62
5 98
1 65
5 78
7 85
5 92
4 76
4 73
10 85
2 68
8 88
10 88
10 78
3 95
13
9 98
10 83
3 80
1 59
10 53
1 73
4 66
4 74
8 96
4 84
9 52
3 98
1 78
15
10 69
5 60
10 52
9 89
7 88
2 54
6 54
3 95
4 50
9 84
7 67
3 52
6 92
10 63
7 97
16
4 72
5 68
4 68
4 58
6 77
9 98
9 78
6 67
1 78
1 52
9 80
8 63
8 64
4 62
5 61
4 100
14
1 52
6 68
6 52
6 84
4 79
6 61
10 93
2 92
3 61
2 56
8 96
8 61
1 81
1 53
16
3 52
5 55
7 91
9 78
3 59
8 65
6 75
10 88
8 63
6 76
10 95
8 61
4 84
2 51
3 94
6 66
16
9 57
1 62
10 52
2 62
2 81
1 98
1 50
2 88
2 65
5 52
1 79
7 68
5 85
10 88
4 82
2 74
16
10 56
5 75
8 68
2 85
9 84
9 92
1 75
7 82
1 93
7 82
9 95
5 98
7 94
8 95
10 100
8 56
13
7 73
4 58
3 71
6 95
9 63
7 71
7 68
7 87
10 96
7 56
8 70
9 57
3 87
14
7 56
7 62
3 53
3 95
6 50
7 96
9 82
8 80
4 61
6 74
2 99
9 78
10 100
7 85
13
6 85
2 77
3 82
3 53
7 54
1 63
10 56
5 53
2 95
3 89
7 50
1 78
9 97
15
9 51
4 68
2 58
7 68
9 59
6 67
6 85
3 87
5 51
4 64
5 72
8 93
9 64
8 93
3 59
16
2 72
6 57
2 63
1 96
10 73
5 75
2 61
7 81
6 97
7 89
10 51
2 96
4 66
10 94
5 75
7 96
16
8 59
1 71
7 71
5 62
10 58
7 97
1 73
6 81
2 72
9 71
10 59
8 76
5 74
4 68
6 87
10 94
16
4 66
6 90
4 98
2 75
8 57
7 99
4 56
1 96
2 97
5 61
6 56
5 69
2 85
10 93
4 68
3 90
13
7 69
9 93
1 75
4 53
7 74
9 100
3 52
5 63
2 99
4 80
7 94
9 73
5 99
13
6 53
3 100
8 64
7 70
7 55
4 90
3 70
4 67
1 66
1 93
8 97
9 80
4 91
13
3 90
10 54
3 83
2 66
5 84
6 85
6 89
8 95
9 78
10 86
5 77
3 51
6 98
14
3 51
4 88
3 100
10 63
10 94
7 85
4 65
3 57
4 55
1 96
2 53
8 69
9 95
8 51
16
5 76
8 53
4 83
2 70
2 77
9 53
7 60
10 99
4 54
2 69
8 54
9 96
5 75
1 92
10 85
10 66
15
1 83
1 54
5 79
4 60
1 97
3 73
3 65
10 62
8 92
5 55
2 84
5 82
3 64
4 62
1 57
15
9 96
3 87
3 77
3 55
2 84
8 92
1 95
6 57
9 91
9 69
10 79
1 78
2 57
2 99
2 53
14
2 92
2 66
2 53
10 96
5 62
2 77
5 54
8 54
5 77
9 68
1 93
5 98
2 86
2 82
15
10 71
9 83
3 85
6 71
10 62
1 94
5 79
7 65
3 61
1 80
6 57
8 57
6 58
2 79
3 76
13
7 78
2 95
10 70
2 88
9 78
7 90
3 73
8 60
10 59
9 54
4 85
8 91
6 70
16
7 71
8 63
9 53
5 96
4 94
7 59
2 95
9 99
6 96
3 64
5 88
1 87
9 79
7 52
6 91
1 89
14
1 82
7 97
5 95
6 87
1 77
3 81
10 70
6 82
7 86
5 68
6 71
6 63
4 62
10 73
13
6 61
10 66
8 88
10 81
8 62
2 69
4 90
10 53
5 67
1 69
5 74
7 92
7 83
15
10 91
4 55
6 79
2 91
3 99
8 63
8 98
7 77
7 95
6 71
1 77
7 97
2 92
10 76
6 91
15
9 94
2 58
4 76
5 85
3 84
8 94
4 50
9 68
3 94
1 90
7 52
4 72
3 68
2 70
6 60
14
7 86
6 93
10 52
10 70
2 83
1 57
4 79
8 75
1 79
5 87
1 79
1 63
10 85
9 98
14
4 58
7 70
10 64
10 87
2 95
10 72
10 50
2 97
8 63
9 72
7 96
7 93
3 86
2 78
14
5 96
8 71
2 97
6 57
9 61
5 62
9 92
4 67
3 66
2 57
5 71
10 61
9 98
10 56
16
8 53
8 77
8 73
4 83
4 70
10 54
8 50
2 79
1 99
10 91
10 81
1 100
1 55
9 60
2 50
6 89
14
1 54
6 54
6 83
6 50
9 76
3 82
4 60
1 90
3 73
3 99
8 91
1 62
4 76
7 76
16
3 83
9 60
3 78
6 80
4 88
4 66
2 98
1 55
8 98
5 81
7 85
2 82
3 68
10 70
6 69
8 53
16
10 71
9 68
1 69
6 89
2 97
10 58
3 66
5 74
2 91
6 93
4 72
3 76
1 61
6 51
2 71
9 83
14
10 69
8 60
5 96
2 75
3 91
4 94
10 89
6 85
10 66
6 68
10 99
3 67
1 80
7 61
15
8 92
2 72
4 50
10 98
4 65
1 53
1 83
3 64
3 56
3 81
8 55
6 61
3 55
1 59
5 90
16
10 70
9 62
1 65
5 53
9 74
10 99
5 65
3 94
1 58
8 62
9 56
2 80
6 57
8 94
7 96
9 86
15
2 68
4 78
10 69
1 80
1 66
4 60
5 64
5 82
5 72
3 89
10 66
3 66
1 78
2 71
7 65
14
7 50
5 51
1 95
7 90
7 80
3 86
6 81
1 64
6 87
5 80
3 69
6 86
8 67
2 80
14
8 57
9 87
1 80
7 81
9 86
4 61
7 78
8 86
3 55
7 91
1 97
5 88
9 59
9 92
14
3 57
7 91
1 85
1 83
9 80
2 92
7 86
8 68
3 95
7 79
5 70
4 59
10 55
9 97
15
7 55
6 67
5 84
6 93
10 96
4 88
9 64
6 93
7 58
6 90
1 76
2 79
1 55
6 100
9 76
15
2 66
5 51
2 58
1 53
6 68
2 85
6 82
1 83
2 77
10 92
3 52
1 92
3 89
7 63
2 99
14
5 87
9 62
2 70
8 79
5 63
3 88
9 73
8 64
8 86
3 66
7 84
7 62
6 53
5 88
14
9 92
2 52
8 80
3 91
8 73
9 76
3 79
5 71
3 51
9 78
8 72
9 65
3 69
4 78
16
9 53
3 74
9 66
5 72
3 74
4 70
10 60
6 83
6 83
5 89
9 59
4 92
2 66
5 61
4 65
6 65
13
9 92
6 83
3 52
1 77
2 60
6 77
2 92
6 69
2 53
9 59
9 63
8 82
6 77
14
4 68
10 93
9 73
10 87
8 75
1 95
3 66
4 100
10 60
7 78
1 80
2 87
1 57
9 87
15
4 64
6 51
3 84
9 71
3 68
8 62
5 53
5 61
10 84
7 88
8 65
5 80
1 76
8 51
4 73
13
10 53
4 80
4 88
5 64
9 83
2 55
8 79
4 59
2 100
3 84
8 99
9 99
7 62
13
4 81
5 53
5 95
7 86
4 91
1 50
5 77
3 51
9 62
7 69
3 54
2 55
2 54
16
6 59
2 51
7 53
8 65
6 88
5 74
3 70
4 93
1 56
5 67
6 53
6 83
9 68
9 85
5 94
10 77
14
10 97
4 53
7 82
9 60
4 86
5 99
6 89
7 54
1 76
8 77
6 54
4 93
7 88
7 85
16
9 70
2 88
7 94
8 88
1 87
4 84
8 87
5 71
5 85
3 99
5 84
10 74
2 65
6 76
10 56
8 92
14
7 56
3 84
4 55
1 80
5 86
10 89
7 97
1 85
1 91
7 90
4 92
7 89
5 72
9 65
13
6 58
7 65
5 75
6 66
4 67
10 66
6 66
2 67
7 94
1 57
1 53
1 67
4 77
16
2 77
6 69
7 67
5 100
10 88
5 64
1 71
7 78
7 100
10 82
5 54
7 87
2 94
4 67
4 66
1 68
16
2 52
1 58
2 52
3 85
9 99
8 77
7 63
2 61
4 67
3 96
5 87
2 59
4 62
6 77
2 65
5 75
16
8 62
3 85
4 92
6 64
3 56
8 83
1 99
3 53
3 74
2 67
9 77
1 76
4 52
3 68
7 79
10 64
13
7 57
7 65
2 91
6 84
6 86
8 57
5 61
1 61
5 62
9 70
9 83
1 86
3 77
13
4 89
3 98
10 86
9 81
1 55
8 91
6 100
2 74
6 86
6 84
9 52
4 82
9 79
13
8 57
3 58
6 51
10 71
1 97
6 55
10 71
8 59
5 77
10 86
8 62
3 75
4 52
16
9 83
10 64
6 51
8 97
2 60
1 60
8 60
10 98
1 58
3 74
4 74
1 83
4 86
5 65
9 65
10 95
14
1 68
9 64
5 66
9 65
7 93
4 77
3 53
7 53
4 83
1 53
1 75
5 70
4 97
3 77
16
1 72
9 66
6 70
3 56
7 92
3 97
8 96
1 62
8 62
2 56
6 50
1 53
8 77
2 91
6 89
10 73
15
9 74
3 66
5 82
1 94
7 88
4 50
10 66
4 52
2 66
10 74
7 91
9 82
4 90
2 86
1 86
14
6 54
7 91
9 59
5 95
9 64
3 52
8 60
6 94
10 62
3 60
10 81
10 51
3 89
7 72
16
3 59
7 63
10 84
6 67
5 85
5 92
6 94
6 85
10 94
3 83
9 90
3 55
8 52
9 61
3 92
5 85
14
7 96
7 73
8 68
9 80
4 64
8 64
9 74
2 61
7 83
10 79
5 60
4 64
2 86
10 73
13
5 70
3 61
5 57
6 51
7 55
7 91
8 86
7 91
8 69
7 72
5 58
2 55
7 54
14
4 86
7 62
6 94
3 64
1 57
9 79
7 90
3 54
10 54
7 87
5 68
9 72
8 74
3 72
13
2 50
9 57
8 69
5 60
9 75
6 64
3 70
7 73
3 59
2 61
1 53
5 73
7 96
16
10 60
3 80
3 56
10 93
9 69
7 59
1 50
10 58
10 63
5 59
8 53
3 65
10 88
6 91
5 75
4 55
13
5 91
4 79
6 80
1 80
10 74
10 51
6 97
3 94
1 77
9 53
9 66
6 77
8 68
16
9 57
4 60
9 96
8 69
7 76
1 85
10 73
8 67
3 88
7 98
4 92
6 89
10 59
10 51
7 67
7 51
14
5 76
5 72
4 65
4 100
9 77
3 73
8 85
5 62
3 91
6 98
8 75
4 90
5 100
4 63
16
8 90
5 65
7 64
6 81
8 53
2 66
1 55
7 79
9 93
5 91
4 86
4 97
8 89
1 59
6 60
9 79
14
5 62
3 63
8 74
3 79
2 93
5 75
4 68
6 72
2 51
6 77
2 86
2 55
4 77
9 82
15
6 76
1 99
6 50
9 71
4 61
6 51
3 52
3 64
2 79
1 76
7 100
5 94
5 52
10 83
10 85
16
9 75
8 100
7 85
7 73
8 93
5 67
7 62
2 74
7 85
4 55
9 86
10 61
7 65
8 89
3 63
9 50
13
6 70
2 98
5 82
5 59
2 56
10 64
6 60
3 68
5 66
6 96
1 70
4 63
10 81
13
3 68
6 53
6 75
2 100
7 54
10 82
1 68
6 73
9 64
10 68
6 96
3 56
10 67
16
10 58
4 64
7 50
10 66
1 71
5 85
4 91
1 71
2 84
10 53
9 90
10 63
9 63
8 98
7 58
2 51
14
2 71
3 87
5 98
7 75
1 56
2 63
5 84
1 77
3 58
10 63
7 90
8 57
2 76
4 66
14
6 61
1 85
1 66
9 52
3 89
2 75
7 82
4 84
3 70
3 80
6 54
7 78
5 100
2 87
16
10 69
5 74
1 76
2 56
2 64
8 97
10 96
3 94
10 64
7 99
4 80
8 63
1 81
8 76
4 58
6 86
14
3 85
4 61
2 77
9 78
7 87
7 98
2 76
3 62
5 84
9 85
7 78
1 80
1 53
1 98
13
10 74
5 80
10 74
5 96
3 65
3 95
6 74
6 85
4 83
7 72
3 66
7 74
4 50
13
7 64
6 76
2 93
2 66
7 63
8 50
2 95
2 51
5 66
1 51
6 56
3 88
6 51
15
9 76
8 80
10 65
5 88
9 79
6 90
7 91
9 70
9 61
7 58
9 82
6 95
7 84
10 56
2 65
16
4 80
4 50
9 61
10 71
8 57
3 78
10 55
5 89
9 79
5 74
1 76
1 96
4 82
7 54
8 51
10 87
15
8 50
1 53
9 87
8 57
8 78
1 72
1 67
5 66
6 69
6 50
5 84
8 69
2 77
9 53
7 95
14
3 70
9 67
5 96
4 73
3 96
4 78
1 74
1 88
9 99
9 64
8 69
5 93
9 80
7 93
16
3 70
6 72
3 85
2 76
2 67
10 99
7 100
7 80
9 87
2 95
4 91
3 56
3 95
9 62
9 78
2 73
13
3 75
6 95
7 93
1 58
1 89
1 51
5 65
2 68
7 66
5 59
2 83
7 50
5 67
15
9 91
9 54
6 71
10 77
4 50
7 56
2 99
7 71
5 53
9 83
3 88
9 83
3 85
4 71
8 80
16
10 61
2 62
9 94
1 90
7 60
8 99
1 86
6 77
1 53
3 97
6 50
4 85
5 91
6 73
2 73
10 99
16
4 74
3 66
3 89
1 82
8 79
6 56
1 91
5 72
8 87
7 70
6 54
2 85
4 55
2 62
5 65
5 68
15
10 71
3 52
4 76
9 76
4 95
5 85
7 89
3 87
5 82
8 74
2 80
9 78
3 66
5 90
5 62
13
10 51
3 86
8 78
9 88
9 64
4 52
5 73
7 56
2 60
10 91
4 94
2 89
5 96
15
5 59
1 62
1 98
3 79
3 81
9 56
9 66
10 100
9 89
7 89
8 67
9 94
2 71
10 93
7 73
13
3 86
9 94
1 60
6 83
3 67
8 67
1 75
8 75
4 88
10 85
3 61
4 85
1 70
13
9 93
6 55
7 81
3 90
3 68
10 77
2 79
7 94
5 54
8 86
5 79
8 95
7 88
16
3 50
4 97
4 98
1 50
9 90
1 75
10 92
6 63
1 69
8 68
2 93
6 97
6 86
4 55
9 82
2 81
13
9 56
10 69
10 64
9 86
9 90
3 52
5 100
8 51
4 90
6 90
10 80
4 85
9 77
16
10 52
10 77
5 78
8 100
3 95
8 93
4 89
9 61
2 88
2 97
8 74
6 57
6 95
2 58
10 86
10 69
14
8 51
5 95
5 88
2 99
7 83
9 97
9 100
1 93
9 51
3 72
3 64
4 99
5 87
5 93
14
3 62
5 75
1 78
7 73
4 86
9 56
6 70
2 76
5 66
1 53
10 62
4 87
1 55
4 86
16
2 80
3 63
5 68
6 59
1 65
5 50
5 60
5 62
5 60
9 94
7 64
10 86
5 64
6 67
7 53
1 60
13
9 56
8 72
6 67
2 99
6 93
8 72
10 58
7 79
8 68
1 64
10 95
6 72
10 88
15
10 59
10 67
4 66
8 60
10 62
10 50
4 84
8 74
10 84
1 74
1 85
9 89
3 95
8 70
2 71
16
3 85
1 64
2 62
4 71
2 83
4 71
5 64
5 82
8 76
4 94
2 91
1 69
7 90
6 99
4 65
1 59
15
3 61
9 85
6 69
10 70
2 72
2 68
9 94
2 69
4 50
8 79
5 51
1 75
2 59
6 57
2 78
14
1 52
9 98
6 69
2 90
2 99
8 58
8 100
4 100
7 81
6 66
1 63
1 84
5 86
2 63
13
2 93
5 51
8 93
1 73
8 78
2 61
7 55
9 74
2 86
10 93
6 77
4 64
9 71
14
2 56
9 64
1 72
1 77
10 78
2 98
2 100
8 94
6 66
1 85
6 64
3 86
7 94
5 86
14
4 78
4 98
9 54
5 67
1 85
2 59
8 67
10 90
10 88
2 57
1 92
6 84
6 53
1 93
13
2 50
1 87
9 99
7 52
8 70
7 87
4 50
9 79
7 70
2 77
6 64
3 78
3 88
16
7 86
7 95
3 83
5 89
4 52
4 97
7 62
2 80
3 76
10 58
3 100
3 52
1 96
5 59
3 68
1 59
13
9 84
5 72
2 90
2 100
1 82
10 78
10 54
3 58
7 74
3 54
1 53
7 52
6 84
13
9 98
7 63
10 59
10 57
9 55
8 94
5 55
8 68
1 54
10 57
6 92
1 55
8 90
15
7 83
1 84
3 86
9 64
10 79
5 54
3 74
8 79
2 57
9 75
3 63
2 90
2 85
2 90
10 53
14
1 73
6 60
7 96
6 61
1 53
1 61
1 65
6 69
1 88
5 89
1 92
2 82
7 52
4 59
15
9 67
1 82
6 56
9 100
4 81
9 93
4 84
3 67
3 93
7 80
9 69
2 50
7 67
9 55
7 65
14
4 87
4 69
4 74
8 81
10 67
10 55
6 52
2 53
7 76
10 75
4 69
9 76
5 77
10 87
16
5 88
8 55
8 64
10 77
8 98
10 58
7 95
2 82
9 94
2 78
4 50
1 56
4 74
6 76
4 63
7 59
16
4 79
5 59
10 80
8 76
5 50
1 81
6 94
3 73
6 57
5 92
5 96
10 90
6 59
10 98
7 58
6 79
13
10 98
4 75
5 82
9 79
4 65
3 99
10 94
7 69
10 97
9 93
5 99
3 69
3 94
16
2 82
3 53
8 84
8 55
7 63
8 88
2 53
2 58
8 56
8 76
4 61
10 97
9 79
1 66
5 86
2 70
15
8 99
1 88
6 82
5 54
5 67
3 56
6 64
10 90
2 51
4 91
2 55
9 56
7 100
9 79
9 61
16
1 79
7 56
1 91
10 50
7 73
8 64
2 83
8 82
5 98
2 66
8 55
2 80
5 60
1 98
10 61
2 84
16
6 50
3 58
1 75
6 77
2 66
7 96
1 64
3 99
6 52
2 65
10 60
8 55
3 69
6 63
10 100
5 99
13
6 62
9 85
9 78
8 68
8 74
7 78
4 66
5 83
10 81
6 75
6 58
4 99
1 99
15
10 60
7 50
5 50
2 56
10 68
10 70
3 90
10 86
3 59
4 91
3 97
1 64
3 100
1 100
1 58
16
5 63
6 72
6 91
1 78
8 86
4 89
2 61
8 74
8 91
8 83
5 61
10 91
2 60
7 53
7 98
8 77
13
3 56
7 54
7 60
7 70
6 59
3 95
6 72
2 54
1 80
10 75
9 53
8 63
2 81
15
5 93
4 78
1 61
9 95
2 70
9 93
8 65
3 76
5 51
9 88
1 77
2 54
6 60
3 53
6 78
15
8 71
5 88
2 57
2 70
10 55
10 88
10 63
3 52
1 67
5 60
1 65
7 74
3 68
8 79
3 95
14
5 96
6 89
9 98
2 97
5 71
10 94
1 94
3 88
8 65
7 82
8 66
3 73
10 71
6 90
13
4 84
7 76
3 77
3 64
4 75
3 55
8 82
10 69
3 73
10 58
1 84
6 76
9 98
14
2 81
1 51
1 52
8 87
8 69
7 89
3 93
10 89
3 51
1 64
10 84
5 78
9 82
6 81
15
2 70
9 70
3 61
2 57
5 81
2 69
2 82
7 55
7 51
8 93
1 66
7 51
5 79
7 54
8 79
15
1 86
1 59
9 59
1 83
6 76
2 69
5 61
2 95
6 60
6 68
10 77
10 69
6 64
10 78
2 71
16
4 85
5 80
3 86
2 62
8 80
6 87
8 54
5 57
9 60
10 89
4 85
10 68
2 52
10 52
10 87
2 69
14
8 89
5 74
7 68
4 79
1 81
6 95
10 72
9 99
2 93
2 57
4 65
4 83
10 53
9 53
16
4 54
10 98
1 83
4 75
5 55
8 71
8 87
2 55
1 77
10 52
7 60
8 51
6 68
8 95
6 72
4 92
14
2 71
3 60
2 50
5 51
3 61
2 94
7 56
3 88
3 75
7 78
3 50
6 76
8 95
2 70
16
9 85
6 100
4 98
2 55
6 63
7 52
8 75
9 90
6 69
6 81
9 55
8 53
9 74
5 77
7 70
1 51
15
2 89
4 51
7 89
5 77
7 68
3 82
1 93
2 71
5 58
10 77
10 61
7 76
3 81
10 70
5 58
14
7 69
2 52
8 54
7 92
4 56
9 51
9 87
4 88
1 68
10 64
7 80
8 73
3 57
10 81
13
8 73
6 89
3 56
9 59
9 61
4 88
7 65
9 96
2 82
3 59
2 75
10 86
6 70
16
9 96
6 68
5 100
4 83
5 98
2 86
10 85
9 66
9 54
10 59
9 63
2 69
8 72
1 82
7 89
4 63
15
10 62
5 54
10 55
1 81
10 71
7 77
4 55
10 97
2 51
7 65
8 79
6 79
7 67
4 96
3 62
13
4 63
9 51
8 67
7 99
5 100
9 94
6 63
7 93
4 95
10 69
2 96
8 91
2 70
14
4 79
6 59
9 99
6 65
5 61
3 91
3 52
3 85
8 90
4 90
7 68
8 58
9 83
3 79
15
3 75
3 75
7 77
6 56
9 88
8 85
3 74
10 86
4 65
10 99
2 84
6 60
10 62
8 68
7 82
16
2 58
7 64
7 63
2 67
5 65
5 92
5 84
6 85
9 86
1 53
5 64
4 69
7 66
9 58
7 52
4 73
15
5 88
9 93
3 53
9 79
3 71
1 95
2 58
1 91
4 66
10 60
3 73
9 97
2 93
1 92
8 96
15
2 53
8 72
2 54
4 67
4 91
3 53
3 98
3 84
9 79
5 80
3 78
7 81
9 78
4 59
10 60
13
6 95
7 70
4 99
8 62
4 83
2 89
5 99
7 65
10 50
5 59
7 74
1 95
7 96
13
7 95
8 72
6 62
6 99
9 65
6 52
6 63
4 70
3 88
7 63
9 65
5 97
4 71
14
2 76
7 76
3 71
5 68
3 62
3 55
4 96
4 70
2 85
9 63
4 82
2 66
5 66
4 51
14
8 81
2 75
8 93
2 87
4 59
2 61
4 100
9 68
10 63
2 83
8 64
4 94
7 75
9 94
16
6 86
2 83
2 69
4 91
2 55
6 67
5 91
6 96
6 50
5 82
6 71
9 71
10 58
5 68
6 73
9 62
16
3 52
8 71
2 71
5 72
3 96
5 82
10 61
3 57
2 69
4 96
5 72
10 53
7 85
7 66
7 70
5 96
13
7 57
4 92
2 81
9 65
4 84
8 71
7 57
4 82
7 90
8 88
9 83
6 71
2 74
16
4 80
8 71
9 94
2 96
3 78
7 54
8 88
3 94
10 76
6 76
1 79
9 92
6 55
3 90
8 80
6 83
15
10 94
1 90
4 54
8 88
3 50
5 64
3 94
4 73
3 90
7 79
6 66
7 82
8 96
8 100
4 94
16
5 80
3 60
8 72
6 95
2 79
9 68
6 55
4 55
10 85
10 51
1 91
1 81
5 86
4 51
1 90
3 63
14
10 88
5 78
7 70
5 59
9 72
10 88
5 71
5 77
7 72
8 67
6 51
8 85
7 64
2 70
13
3 93
7 72
2 71
5 53
7 69
10 74
3 57
10 58
9 97
9 86
4 89
4 50
8 92
16
2 61
3 52
4 79
4 51
3 85
7 97
3 69
1 57
2 81
6 58
3 82
6 96
6 52
2 89
9 58
3 86
14
9 75
7 66
10 80
7 58
1 65
9 80
9 89
9 75
10 54
3 95
1 63
4 56
3 87
2 56
13
6 59
3 67
3 59
9 59
6 56
6 82
3 64
1 94
2 72
6 77
10 71
3 83
8 83
14
8 51
5 100
2 78
10 59
3 69
1 75
1 89
9 57
9 83
7 58
4 93
7 95
2 78
4 84
13
9 90
7 87
8 50
6 75
3 73
4 86
7 55
4 79
1 65
1 82
4 80
1 58
3 82
16
5 57
10 88
7 77
7 89
2 96
7 87
2 74
4 52
7 73
7 84
5 52
4 75
5 86
2 94
10 59
10 78
13
3 67
3 50
7 69
1 99
7 66
9 73
1 90
2 64
8 77
7 59
8 79
10 71
9 57
16
6 61
1 90
3 97
7 86
6 88
6 100
7 69
9 78
1 87
10 72
3 75
3 80
5 69
1 94
4 85
8 50
13
6 55
1 90
10 71
9 68
10 68
3 78
6 71
2 53
1 67
7 67
7 69
9 57
2 64
14
5 82
10 62
8 90
5 99
9 92
8 61
6 81
9 85
4 85
10 75
4 64
5 75
10 64
10 59
15
7 98
7 97
10 89
6 98
1 96
6 100
4 95
10 55
4 68
9 83
1 74
3 84
10 54
5 96
10 96
15
1 79
8 65
8 67
7 100
7 50
9 98
1 62
8 87
5 69
7 67
4 63
3 93
4 60
3 57
1 77
16
8 57
10 66
1 69
3 72
8 88
1 55
10 78
2 50
9 63
4 56
1 99
10 94
4 60
1 70
3 56
2 56
14
4 70
8 65
5 97
9 50
5 84
7 95
1 68
8 69
7 94
2 52
3 86
7 75
3 50
10 87
15
5 78
4 94
5 84
6 76
8 94
9 80
1 80
4 62
2 63
4 96
8 56
6 69
8 66
2 82
9 100
14
2 69
1 93
3 69
7 57
2 79
8 96
9 56
3 70
3 99
6 77
2 66
6 62
4 52
10 89
16
10 74
4 98
4 65
9 62
1 88
3 89
9 91
5 50
3 65
2 64
8 70
2 86
4 99
6 94
3 92
3 87
14
9 86
3 51
10 68
6 57
5 50
4 78
10 99
3 86
6 51
2 100
8 86
7 61
4 76
2 76
15
4 58
8 61
9 72
10 93
7 95
9 70
3 84
2 64
9 72
6 71
7 94
8 68
2 63
10 90
7 56
15
5 98
6 68
10 76
4 57
9 60
10 87
9 84
2 59
9 90
5 99
8 74
3 61
6 78
5 100
1 100
13
2 74
7 71
5 90
7 65
7 89
4 61
3 68
5 67
8 81
9 90
2 61
4 50
6 66
14
2 98
8 81
3 59
5 87
10 71
7 61
1 79
6 88
2 59
8 82
5 84
9 66
1 66
6 66
16
7 98
6 75
6 91
1 60
10 90
4 53
3 68
1 52
5 75
6 74
10 95
8 92
5 70
8 84
1 62
3 89
15
7 87
2 94
5 81
5 84
2 60
8 67
2 96
9 61
4 57
2 75
8 93
5 53
2 90
1 86
10 53
13
2 90
2 81
6 80
9 57
7 61
6 59
9 63
5 61
6 62
5 90
6 65
3 76
1 68
13
4 57
4 50
4 52
6 96
3 90
6 61
4 87
2 70
1 79
3 84
2 65
6 89
5 62
13
6 96
9 98
7 71
5 83
5 52
9 76
3 60
6 96
2 68
7 83
3 89
2 89
3 85
16
6 61
7 93
4 89
1 53
4 87
10 60
4 58
7 70
5 96
10 60
2 98
1 52
8 75
8 88
10 94
6 89
14
9 81
7 90
9 58
10 80
7 100
5 74
3 59
5 70
6 64
3 59
5 78
6 51
5 91
5 50
16
5 80
4 63
8 80
1 66
10 60
5 91
10 75
6 87
8 61
2 53
7 56
1 54
9 76
2 69
5 55
5 78
16
2 70
5 95
5 68
5 62
5 77
7 80
2 74
9 69
8 86
5 74
7 56
1 94
8 74
10 66
1 96
8 96
14
10 61
9 59
3 63
10 62
8 88
9 65
10 53
9 50
7 92
10 74
1 64
1 55
9 53
5 54
14
4 94
10 94
8 74
9 55
5 81
9 70
9 76
4 96
2 86
5 77
6 57
10 96
8 97
2 75
15
4 51
1 66
2 53
7 66
4 94
5 93
3 89
5 75
2 74
6 84
2 94
7 94
2 73
5 59
3 89
13
7 78
6 62
6 80
7 100
10 68
10 91
2 54
9 86
1 95
8 87
3 54
10 87
9 97
15
1 92
5 79
4 66
9 61
3 58
1 88
3 68
3 83
4 100
9 53
1 89
5 98
5 99
7 61
4 81
15
10 74
3 91
2 73
10 63
9 72
7 73
4 72
6 87
5 56
10 74
5 94
8 53
1 57
6 96
4 91
15
1 60
7 75
9 55
3 55
1 93
2 88
3 51
9 77
9 81
5 94
6 92
10 85
8 66
7 92
8 89
16
6 78
9 97
3 75
2 93
10 94
10 66
7 75
7 54
3 98
9 82
2 85
3 60
5 73
2 76
9 79
6 54
13
10 80
10 86
8 94
6 70
1 67
7 66
10 88
7 99
8 56
9 99
6 59
3 64
5 86
16
4 80
7 93
6 77
6 57
3 57
2 80
6 93
6 51
7 81
3 82
6 74
7 64
2 94
9 87
5 94
7 90
13
2 55
9 99
4 86
7 63
10 91
3 78
9 84
3 93
1 63
4 63
5 87
6 81
1 96
13
3 51
3 56
6 83
5 90
9 72
7 56
1 75
2 67
8 54
9 65
2 99
9 61
9 99
14
5 65
6 86
5 63
1 79
4 86
1 60
8 60
8 92
6 97
3 62
5 50
9 85
1 97
10 87
13
5 91
6 67
10 83
4 53
6 67
4 55
2 64
4 73
5 75
9 87
5 74
1 58
8 70
14
1 89
10 51
6 67
2 89
3 60
10 87
4 100
2 65
8 85
3 70
6 68
10 83
7 53
5 73
15
3 97
7 57
6 80
8 85
10 81
9 69
9 97
1 64
7 98
6 83
2 71
9 74
3 64
6 90
2 58
15
4 74
9 64
1 75
4 76
6 58
1 99
3 69
10 72
10 75
3 95
9 54
10 93
1 80
7 54
7 74
15
4 51
9 71
9 66
5 55
1 98
9 81
2 59
3 50
4 88
8 97
7 92
8 95
4 99
5 64
10 80
15
2 61
3 77
6 54
4 98
8 88
8 96
1 65
1 98
9 75
5 85
7 60
3 69
3 61
6 70
7 78
14
5 89
6 70
2 54
5 73
3 97
6 100
8 69
6 69
10 78
9 87
5 88
6 61
9 88
7 86
13
1 63
5 64
1 87
6 66
7 91
9 71
6 65
2 92
3 83
10 66
3 85
5 73
10 82
14
3 51
5 67
4 70
1 59
6 77
1 82
10 59
8 56
6 59
8 99
9 58
4 62
1 69
9 74
16
4 52
4 64
2 51
4 67
5 74
5 91
4 65
3 72
6 55
4 60
4 51
6 100
2 92
2 74
8 68
6 56
15
7 65
9 77
6 62
4 99
10 95
7 87
6 55
4 98
2 65
1 72
2 54
2 56
2 73
6 79
10 74
13
5 86
5 93
8 100
10 59
3 63
3 86
9 71
10 67
9 52
6 63
8 87
7 72
1 59
13
5 80
3 85
2 90
4 61
7 75
2 83
2 90
4 100
4 77
9 79
10 68
9 87
2 73
13
5 74
10 99
9 62
5 94
7 58
10 50
4 84
7 51
4 52
6 75
4 76
4 92
6 63
16
9 67
6 96
8 58
3 82
7 98
2 94
5 60
10 81
2 73
8 88
3 50
4 100
1 67
8 72
10 57
5 100
13
3 57
7 87
5 100
2 52
6 76
3 87
4 67
8 86
9 74
4 75
7 84
1 63
10 53
16
6 86
4 76
5 93
6 73
6 70
1 86
10 77
5 79
5 52
3 64
9 68
9 74
5 64
9 61
2 56
1 50
13
10 100
7 77
3 59
6 100
2 96
9 62
7 95
8 63
1 62
10 98
9 100
10 96
3 82
14
9 82
6 88
4 100
8 91
7 93
7 50
4 74
1 80
9 55
10 55
3 95
1 85
1 61
5 75
14
4 91
8 63
9 64
10 50
4 100
5 73
10 93
6 74
10 68
2 55
3 68
9 85
3 67
8 97
13
9 70
5 76
5 54
7 70
1 81
9 82
8 90
1 94
2 94
6 65
6 73
6 63
5 61
16
1 86
9 98
8 91
10 51
1 72
1 54
8 89
8 57
2 60
5 57
6 54
2 59
6 59
5 79
10 83
10 88
14
2 58
6 54
8 76
3 75
4 53
6 79
8 97
7 99
4 79
9 93
3 88
2 84
5 94
6 92
14
10 82
5 58
9 60
2 54
3 89
8 96
10 50
10 61
2 92
10 71
5 88
9 73
2 95
1 84
15
7 71
2 73
10 96
7 90
6 95
3 56
5 56
10 68
7 51
5 60
8 67
10 89
6 100
1 52
7 89
15
8 78
1 91
10 98
3 65
8 93
7 63
4 67
2 91
1 60
6 76
5 68
6 97
10 58
7 66
2 61
13
4 82
5 69
8 62
9 59
9 94
6 84
3 96
9 71
9 59
3 68
2 71
4 79
10 94
15
8 66
8 65
2 81
6 95
8 86
10 56
2 86
7 76
8 79
5 61
7 88
4 58
2 63
9 99
10 70
13
10 63
5 54
1 56
10 54
5 64
3 67
4 86
8 80
4 96
2 75
4 66
9 57
1 78
15
6 57
6 82
2 77
2 78
2 57
3 93
8 66
2 81
5 53
5 98
3 60
2 71
7 61
8 69
10 53
15
2 99
9 69
7 76
2 64
9 89
5 78
9 74
8 94
7 55
3 70
7 87
3 54
9 56
3 52
3 88
14
6 82
7 70
10 78
1 54
9 51
6 74
8 96
7 97
3 67
5 80
10 54
10 83
8 63
3 56
13
3 82
4 89
7 100
2 61
3 95
8 76
4 59
7 91
9 83
9 54
7 75
7 71
4 85
16
6 74
4 81
6 62
8 84
7 93
10 75
9 51
3 58
10 99
10 58
6 50
7 77
7 53
8 73
5 89
2 82
16
10 95
6 50
8 97
5 75
9 59
2 87
9 55
6 50
9 68
3 68
6 74
10 90
5 74
6 82
5 82
6 66
15
1 62
2 70
2 77
10 81
9 67
8 73
2 97
1 53
10 82
9 97
1 88
8 63
5 93
5 66
10 80
14
2 79
9 91
4 62
8 83
10 78
8 71
2 54
4 71
2 70
3 90
6 84
8 51
6 57
7 95
14
9 55
9 88
10 72
5 52
6 61
8 83
6 83
7 81
8 99
10 76
6 54
7 64
8 93
4 52
14
4 96
6 71
3 50
6 93
8 56
1 100
9 55
5 76
7 77
8 100
3 86
9 52
1 85
10 77
16
7 71
4 100
9 80
9 76
5 58
5 75
1 78
1 78
3 88
6 84
8 67
7 90
9 67
9 86
5 56
2 71
15
2 75
5 50
7 63
9 68
9 73
6 66
9 72
10 55
3 64
3 54
7 84
8 72
6 62
1 73
5 90
15
6 82
9 89
6 81
5 90
10 51
9 65
7 65
1 60
1 75
3 75
6 78
5 70
9 73
10 90
7 50
15
10 91
3 100
5 69
5 59
1 76
8 92
5 92
8 70
3 72
7 92
8 55
5 68
6 63
7 65
8 52
16
2 85
6 84
10 68
8 65
7 58
9 90
6 66
5 96
6 74
8 53
10 74
1 60
9 98
5 50
7 68
4 99
13
2 90
6 64
1 91
1 61
3 84
4 86
7 96
2 52
7 77
10 78
9 94
4 79
4 50
13
4 85
5 58
4 80
2 55
10 90
9 86
7 72
3 91
9 92
1 99
4 58
8 84
10 97
13
4 62
10 50
9 84
6 79
8 68
6 72
9 85
8 88
1 79
1 61
10 95
1 53
9 82
15
7 59
8 89
1 55
8 60
7 53
8 50
8 50
7 71
2 59
7 100
1 52
7 52
3 67
4 57
4 90
16
6 67
9 82
10 60
8 86
5 64
7 85
3 56
7 52
1 89
5 78
4 78
1 94
6 67
3 89
5 69
10 69
13
10 65
2 96
3 73
2 75
9 77
8 74
3 100
8 100
4 56
1 65
5 55
3 61
1 71
14
3 83
5 90
5 100
9 86
9 61
6 56
4 78
1 72
7 76
3 90
9 58
7 81
6 65
9 80
15
6 74
3 93
5 57
10 60
1 59
10 64
7 65
8 88
9 54
10 55
9 96
7 83
8 64
6 56
4 78
13
6 78
10 83
3 61
1 53
6 76
1 69
4 74
3 80
9 86
7 86
10 56
7 59
6 78
15
8 78
4 83
9 64
6 60
6 70
10 82
8 64
3 86
7 78
9 98
8 79
1 82
8 81
8 85
5 93
14
3 97
4 72
8 88
6 82
4 63
7 72
8 51
1 70
8 75
1 58
3 66
1 56
3 87
9 72
14
4 54
2 51
7 76
4 68
8 62
8 66
10 97
4 97
8 56
4 69
8 78
5 69
6 52
1 65
13
7 91
8 64
3 53
7 89
1 100
6 73
3 89
8 90
1 97
4 88
8 96
9 88
1 70
16
3 80
10 59
5 76
10 85
8 57
8 91
6 53
1 98
3 80
7 55
1 92
7 60
6 62
3 96
10 66
1 70
16
8 73
4 81
6 61
8 71
9 72
1 62
6 77
6 57
1 73
4 86
5 67
4 62
10 83
10 87
7 61
5 56
13
2 55
4 66
6 100
3 88
6 73
9 67
3 69
3 78
10 60
9 67
10 63
7 91
7 78
16
2 64
4 85
9 89
1 88
6 95
9 65
5 83
2 76
5 67
4 93
7 68
6 86
9 63
4 52
6 52
2 62
14
1 83
3 89
8 82
6 89
10 60
5 56
5 85
3 74
2 62
2 99
3 81
4 74
3 90
7 78
16
6 89
7 97
7 78
3 86
6 68
9 95
10 85
5 59
10 94
2 55
9 65
10 87
5 56
3 75
8 93
10 89
15
7 51
3 59
6 65
1 95
1 78
10 61
10 54
5 77
7 54
8 56
4 66
1 97
8 85
1 77
2 54
16
10 84
5 65
4 89
4 83
10 92
1 77
2 61
9 93
5 85
8 96
5 95
10 68
9 85
4 52
4 88
6 93
15
9 81
8 83
3 77
8 71
10 61
4 96
5 68
2 55
2 77
8 73
10 75
7 75
2 100
8 72
9 57
15
10 84
6 92
6 98
9 86
1 74
4 54
4 66
1 63
3 70
4 91
4 59
7 87
6 85
6 60
3 96
16
8 52
6 72
6 82
6 95
8 78
5 91
1 58
3 83
10 98
1 89
6 57
8 51
4 79
5 66
1 97
8 72
16
3 59
7 90
2 70
6 85
4 55
10 99
1 56
7 58
7 62
5 65
5 56
6 92
7 78
4 54
9 97
5 95
15
10 79
9 83
4 100
6 50
3 92
10 81
4 92
9 76
3 92
7 82
6 88
7 70
7 50
3 71
3 83
14
9 88
1 76
4 78
1 64
2 70
4 51
5 91
9 94
8 69
6 57
10 96
6 91
2 79
3 62
16
3 60
10 51
9 73
2 80
10 87
6 92
2 55
8 85
6 96
3 52
1 76
2 79
6 97
1 68
1 85
4 81
15
10 59
1 68
5 88
4 69
9 90
7 95
2 62
1 72
8 68
6 72
3 56
9 59
4 51
3 86
5 92
15
10 67
4 91
5 50
8 75
4 51
4 59
10 98
3 75
8 52
5 89
10 85
5 99
4 83
9 76
4 67
13
2 64
5 96
4 55
2 66
5 63
1 51
9 68
4 53
10 70
4 68
5 79
8 52
1 77
13
8 62
2 73
4 78
9 72
9 55
3 83
8 80
4 93
1 80
7 60
8 74
2 92
9 88
14
9 85
6 95
9 71
3 58
5 50
5 78
2 87
3 70
1 93
7 55
8 88
2 55
2 50
6 87
16
2 68
1 98
5 68
8 88
7 100
2 75
8 63
5 96
3 94
10 72
1 82
7 88
6 78
7 82
5 74
8 67
16
9 81
8 81
2 98
5 100
1 99
10 71
8 56
7 99
8 66
7 78
9 100
10 83
8 79
6 51
2 50
8 91
15
2 94
3 84
9 66
8 76
5 91
2 60
8 56
7 89
3 93
5 98
9 55
7 50
8 90
6 94
3 56
13
4 69
2 83
5 69
1 71
10 82
2 95
1 90
10 62
6 92
5 61
7 52
8 60
8 64
13
9 90
6 78
7 86
9 52
8 86
9 56
6 51
8 73
10 58
7 69
1 65
7 97
9 54
14
6 74
9 85
4 71
5 87
7 81
2 64
5 80
4 83
9 73
3 88
1 70
10 100
9 81
2 75
13
3 95
3 79
3 70
8 72
2 71
7 84
1 99
10 58
5 77
6 74
3 74
4 95
10 94
13
8 84
2 65
6 58
5 65
4 98
1 76
2 59
3 54
1 83
10 96
3 61
5 82
5 100
14
2 76
1 61
10 67
4 90
3 63
7 50
9 65
8 81
2 81
4 60
7 51
3 51
1 83
5 59
14
10 75
2 73
6 98
10 60
6 91
9 54
2 74
3 74
7 86
3 86
5 73
4 65
7 60
1 94
14
8 51
4 89
3 61
2 79
5 56
2 72
9 72
10 98
4 91
1 59
2 59
6 87
3 51
5 97
14
2 57
4 81
4 75
1 65
4 79
9 99
5 83
9 78
9 80
10 69
10 58
9 50
10 87
1 96
13
1 53
6 55
8 92
9 54
4 93
4 63
3 88
10 52
7 76
5 54
3 69
2 94
1 61
13
1 71
1 70
2 97
1 70
7 96
3 74
6 63
4 61
8 58
9 82
3 93
9 91
9 73
13
3 57
4 70
9 54
5 52
1 79
3 57
4 80
2 86
10 58
5 98
10 85
1 85
10 63
16
7 76
7 81
7 73
2 58
7 63
6 51
6 67
7 61
1 75
1 89
10 96
3 67
10 67
6 69
10 90
1 90
13
2 73
4 89
4 55
6 53
9 97
10 53
7 61
10 57
4 71
1 95
2 54
3 85
1 75
15
10 67
6 83
3 86
8 68
5 75
10 67
2 93
5 99
7 56
1 97
1 58
3 62
10 55
3 51
7 97
14
8 92
9 72
8 82
4 96
8 57
6 94
7 95
4 75
7 95
6 65
2 65
7 54
1 78
2 50
15
7 90
2 84
9 81
7 94
3 68
1 61
7 69
6 94
1 74
9 69
8 89
8 71
3 92
5 89
1 99
16
1 54
9 51
8 55
7 79
4 72
6 98
2 93
10 98
1 70
4 77
8 69
3 65
10 58
7 66
6 77
3 61
16
5 86
6 59
1 51
10 87
10 58
3 59
10 52
9 98
2 74
7 86
1 70
4 81
7 74
1 87
1 80
9 55
15
8 81
7 96
4 61
10 64
1 81
3 99
4 61
2 96
5 96
3 73
7 92
5 50
6 86
7 83
2 53
14
5 57
8 94
4 63
3 63
1 77
2 59
7 50
4 67
10 98
3 81
3 92
4 99
10 58
8 70
13
3 55
10 58
8 95
5 100
6 68
4 72
10 65
4 55
4 88
3 61
8 73
5 81
3 61
15
7 56
10 64
1 72
1 88
6 95
1 63
8 96
5 84
5 54
8 82
4 83
10 98
8 71
5 95
1 63
16
10 63
2 77
8 65
5 54
6 64
8 96
4 98
2 61
10 88
7 93
3 72
10 85
8 99
6 70
10 55
3 80
13
9 74
6 67
4 77
1 91
2 61
9 67
10 55
10 71
9 57
7 94
7 79
8 51
2 56
15
8 89
6 69
4 95
2 63
1 60
1 55
4 67
10 83
2 67
9 56
9 78
3 100
4 59
3 65
7 96
14
4 99
5 54
2 50
7 78
9 65
2 53
9 93
5 90
1 56
6 78
2 71
10 62
5 51
10 53
16
7 86
10 79
10 77
5 76
3 50
8 95
5 80
9 82
8 65
6 56
9 90
10 61
8 82
10 57
3 73
2 79
14
2 53
7 94
2 57
10 65
9 85
3 63
1 55
4 68
5 54
10 94
5 53
5 83
3 100
9 64
15
1 86
9 57
4 83
4 79
5 77
7 68
5 50
3 89
6 59
4 76
5 97
5 86
10 57
10 81
3 88
14
2 87
9 63
9 69
4 92
3 94
1 79
6 73
1 72
3 85
3 56
8 56
10 54
8 51
9 96
14
7 73
2 63
10 59
4 52
7 50
3 88
1 100
6 51
2 51
10 59
9 87
5 50
1 65
5 100
13
8 89
3 63
7 91
9 71
8 55
10 86
10 96
6 82
6 50
4 80
4 70
8 79
3 61
16
6 68
6 86
1 69
6 85
6 67
5 83
6 62
3 100
4 60
4 97
5 73
5 72
3 53
10 95
5 65
1 62
13
4 63
1 51
3 60
10 86
7 84
10 96
5 88
10 59
5 73
8 52
4 59
3 94
3 71
13
1 84
5 87
8 51
10 63
5 68
4 84
7 58
5 82
3 80
6 83
3 74
6 77
5 58
14
10 68
7 90
9 82
10 60
1 68
9 96
10 50
6 67
8 54
3 81
4 95
5 87
7 63
9 50
16
2 83
4 56
7 89
3 85
2 80
7 51
1 62
10 84
2 91
10 92
8 65
9 97
8 56
6 97
7 73
9 59
15
5 81
4 60
6 71
1 100
9 53
3 93
10 55
9 50
6 63
1 54
7 50
8 88
9 92
9 93
4 95
15
7 80
4 68
8 66
7 71
9 60
8 64
8 75
9 71
3 52
5 83
3 89
7 94
2 86
6 54
4 97
16
7 95
8 50
7 75
1 92
9 63
9 76
1 85
5 94
10 51
2 96
9 80
9 82
5 59
3 70
4 82
7 50
16
8 89
9 100
7 90
5 88
5 52
10 94
3 55
8 53
6 97
4 53
5 55
7 50
8 97
2 85
3 55
9 69
14
1 53
1 99
9 91
6 77
4 73
4 75
2 70
4 51
9 75
5 61
3 91
8 85
2 79
6 62
14
3 63
2 86
9 70
3 71
1 85
3 90
10 91
3 56
3 61
9 67
3 68
6 80
4 79
5 74
15
9 54
7 59
9 71
9 83
1 57
6 67
6 67
5 64
2 64
4 91
8 62
2 90
10 51
8 85
7 75
15
9 73
1 74
4 78
7 97
6 76
1 69
2 72
8 80
9 81
1 81
9 79
10 73
10 59
4 51
6 55
13
5 54
10 95
3 56
6 63
8 64
1 78
4 76
4 70
2 70
10 70
3 70
1 99
3 57
16
10 89
2 62
1 65
3 54
3 61
9 67
1 71
10 67
7 85
7 78
7 80
2 85
10 82
4 79
8 99
10 72
16
3 97
8 56
5 81
9 61
6 70
4 97
6 95
4 78
6 78
6 74
3 72
9 73
3 61
1 66
3 58
9 65
13
7 51
4 65
5 74
4 74
10 58
7 87
5 95
10 56
3 94
1 97
5 86
2 98
9 60
15
7 85
2 75
1 57
1 82
10 51
6 92
4 94
2 60
5 96
3 98
10 99
2 97
9 77
3 56
1 90
14
4 58
5 61
10 96
3 89
2 86
3 97
2 90
5 74
8 62
4 71
1 66
10 72
9 53
6 71
13
4 93
1 52
10 60
2 77
9 58
5 63
4 88
6 59
4 72
9 54
2 56
10 61
4 100
15
2 92
7 77
3 79
5 77
9 73
6 62
4 68
8 61
9 82
2 86
1 53
3 77
1 90
3 74
9 50
15
10 59
9 57
6 80
9 67
4 97
7 67
10 95
1 75
6 60
7 63
6 85
6 54
1 100
6 51
2 79
13
8 97
10 56
4 90
5 55
5 89
2 98
6 79
9 50
1 54
7 87
3 81
1 74
8 53
14
2 92
2 70
3 96
7 69
10 67
3 54
8 76
1 68
1 53
10 99
9 50
1 98
8 56
10 57
14
10 98
8 62
9 77
6 97
8 66
8 82
6 69
1 71
5 58
3 62
3 65
9 70
8 68
8 63
14
3 51
7 92
2 96
4 68
2 89
6 63
7 54
8 93
3 75
10 69
2 55
4 98
3 94
2 84
14
8 76
9 95
5 77
2 88
4 87
8 58
9 90
9 100
1 98
5 92
8 52
3 92
5 78
9 75
13
10 96
2 95
1 91
4 52
10 90
5 94
6 51
10 73
7 70
6 63
4 52
8 65
2 81
16
8 79
10 72
6 86
1 85
8 75
4 64
6 66
8 52
1 50
7 77
8 59
4 77
10 55
9 79
8 93
9 97
16
10 54
4 68
5 95
10 86
7 59
6 54
4 79
4 63
7 52
6 99
9 69
9 64
10 84
4 66
7 82
4 70
15
8 69
5 67
3 59
8 67
5 98
8 57
1 73
3 92
1 87
9 76
3 71
1 58
4 83
8 66
4 54
13
5 69
4 53
10 96
5 87
3 72
6 83
4 71
10 92
1 84
9 97
7 71
3 93
9 92
15
2 50
6 73
9 70
8 67
6 57
6 97
3 75
4 63
9 71
5 72
8 68
2 51
2 77
7 50
3 87
15
8 62
9 51
2 62
8 88
4 81
8 75
5 97
6 89
7 99
2 71
5 100
1 58
9 59
6 78
1 77
14
1 69
5 64
7 52
7 92
2 88
2 85
1 99
4 62
3 52
8 56
2 65
3 84
7 93
1 54
14
4 60
3 72
8 89
3 90
1 82
1 60
9 88
10 84
2 54
8 92
1 55
1 61
9 59
6 78
15
7 77
6 69
9 58
5 95
9 89
9 92
2 74
9 56
2 60
1 67
9 97
3 57
5 53
5 71
7 94
14
1 55
5 71
8 78
9 93
10 57
3 61
10 97
3 86
4 53
2 95
6 54
6 69
7 68
9 99
16
5 88
10 56
10 77
2 52
5 93
1 87
4 82
8 78
6 98
7 92
5 69
8 76
10 100
1 98
6 75
6 92
15
10 97
9 87
4 89
2 83
4 50
9 69
8 53
1 69
5 71
8 94
1 57
6 70
1 100
1 68
10 77
16
5 56
6 97
7 65
1 57
6 91
10 74
3 100
1 70
2 70
5 75
1 95
9 68
2 83
8 54
8 68
3 68
14
7 66
10 51
10 79
7 97
5 91
8 94
6 55
3 78
7 56
10 62
1 52
8 56
8 73
9 86
13
1 80
5 60
10 77
9 54
9 59
9 96
5 100
8 92
6 87
2 71
2 71
9 95
1 79
13
4 63
7 70
2 70
4 56
7 59
3 78
4 82
8 60
1 69
9 94
3 95
10 71
3 85
15
8 85
3 59
2 84
4 86
9 57
3 62
3 67
10 95
3 74
6 62
10 70
3 64
9 67
2 100
3 82
16
9 67
9 62
4 86
2 90
2 58
3 53
10 79
9 74
4 61
3 83
10 69
5 73
2 67
5 53
7 59
8 94
13
1 55
1 67
2 98
1 71
10 98
7 60
4 68
9 76
10 63
8 65
6 66
9 58
4 63
13
2 73
7 59
6 60
5 73
7 80
1 74
5 73
1 87
10 91
9 63
6 79
3 74
9 64
15
2 67
6 74
2 71
3 98
1 69
8 90
4 89
7 50
9 81
6 96
6 52
3 92
1 61
5 100
9 60
14
10 65
2 55
1 95
8 90
8 98
7 93
9 84
8 64
10 56
4 86
3 91
4 97
5 81
10 66
15
8 57
4 79
10 65
9 93
10 96
10 88
2 93
5 84
9 80
5 67
2 64
2 71
2 85
1 87
4 91
15
4 67
9 81
1 62
2 92
4 69
3 52
10 82
3 54
4 55
1 57
1 54
9 98
4 68
7 75
2 52
13
10 92
5 64
3 63
10 66
1 61
6 53
10 88
4 90
2 95
8 56
10 59
1 77
5 70
16
4 72
4 99
2 78
2 65
7 97
8 53
6 74
9 74
8 65
4 52
5 63
2 92
3 72
7 52
4 99
9 81
14
1 65
5 50
5 89
2 81
2 50
5 55
5 58
5 72
2 69
6 60
1 59
2 97
6 96
3 60
13
3 77
1 99
9 54
1 67
10 90
6 87
6 87
6 58
10 78
3 85
1 88
10 82
6 95
14
10 71
10 99
3 79
5 97
6 63
2 74
3 77
3 71
6 61
8 76
7 53
8 65
2 52
10 52
13
7 59
6 72
1 93
4 95
1 79
4 70
10 73
7 50
5 63
4 66
7 78
10 83
7 85
16
8 84
5 87
2 50
3 66
5 81
2 53
6 65
9 97
4 64
5 59
3 93
1 92
8 81
2 76
3 90
8 99
16
1 85
8 91
5 74
4 85
3 81
9 57
6 62
3 100
4 94
6 92
7 94
3 88
4 67
3 56
10 70
3 87
15
4 64
8 75
2 72
10 81
3 65
8 92
4 71
10 51
6 58
7 82
2 50
9 65
7 95
10 71
4 58
16
2 76
3 81
6 85
9 50
7 89
3 91
3 65
2 56
3 81
2 51
9 69
10 89
8 60
5 89
3 92
6 89
16
1 92
9 87
9 90
1 75
4 87
5 96
2 89
10 54
1 87
4 50
6 69
8 60
7 91
7 61
5 83
7 86
14
4 57
9 71
3 72
4 81
7 60
4 87
8 77
4 60
8 91
10 83
8 96
1 99
10 72
9 98
16
6 50
7 97
5 97
4 68
9 53
5 72
3 68
7 85
10 96
9 56
6 60
6 83
9 55
3 63
1 85
2 77
14
2 92
7 70
9 70
1 78
8 85
8 97
6 76
8 73
4 68
8 97
3 52
2 77
2 97
7 65
14
6 89
1 93
2 88
7 79
1 58
3 57
7 57
2 50
2 78
9 89
6 91
1 54
8 82
5 68
13
10 71
5 69
3 77
6 72
4 93
5 62
6 84
1 79
2 76
2 89
5 70
10 76
2 59
13
6 88
10 71
2 71
2 76
9 91
7 65
1 96
2 62
7 93
2 62
4 52
6 67
9 57
14
5 82
5 56
9 73
6 100
8 92
8 62
3 56
2 90
5 87
1 60
5 76
4 72
6 60
10 65
14
5 63
2 70
8 83
4 78
10 80
9 92
3 98
1 94
8 94
9 73
9 84
4 73
5 65
7 57
16
1 73
8 60
8 65
1 71
5 61
2 71
6 81
1 97
4 54
10 55
4 78
1 74
10 83
5 69
4 72
9 58
16
9 63
4 77
5 62
3 53
6 99
4 90
9 100
2 57
3 96
3 68
4 97
9 55
6 94
6 61
4 76
9 74
15
5 75
4 60
5 63
2 99
4 70
2 84
7 100
6 53
8 74
5 99
6 93
9 61
3 87
5 63
2 95
15
6 69
7 78
10 97
8 74
3 76
4 78
6 89
6 95
7 68
10 99
7 67
8 55
9 96
3 53
4 54
13
6 70
8 98
5 82
10 57
3 59
10 51
4 82
4 100
2 89
3 65
3 92
10 71
2 94
13
5 96
10 56
5 79
9 88
3 78
8 81
4 54
2 76
1 83
1 93
5 99
4 98
4 63
14
8 74
4 76
7 72
8 98
2 58
8 56
8 67
2 81
9 58
3 92
2 69
5 96
3 68
1 56
13
9 69
6 87
3 61
4 77
9 67
10 95
2 72
1 100
8 87
3 58
7 79
10 96
9 50
16
6 79
6 66
3 94
10 99
5 77
8 52
5 89
5 73
3 93
1 57
3 95
5 72
4 96
9 78
9 79
6 82
15
6 98
7 77
7 74
5 93
2 74
2 76
7 91
2 50
7 87
2 77
4 54
4 89
10 93
10 99
4 68
15
8 67
3 56
8 88
2 68
10 61
3 60
8 97
2 69
1 66
6 81
1 66
2 55
7 77
3 89
4 84
13
2 94
6 54
10 73
6 91
9 54
6 52
6 90
7 70
4 68
3 79
5 93
3 79
6 62
15
9 78
5 72
5 78
7 78
3 61
10 94
1 56
10 72
10 86
3 71
2 75
9 99
1 91
3 54
2 51
15
5 61
8 53
6 91
2 66
3 79
9 88
8 79
9 74
10 60
7 64
1 73
1 66
9 55
8 64
8 73
16
2 83
10 87
10 69
8 51
10 63
9 75
10 61
7 97
2 63
5 69
4 97
9 72
8 90
2 99
10 75
5 61
16
2 60
7 66
9 84
7 53
8 63
9 96
5 67
3 73
10 81
2 97
8 68
10 97
7 67
7 56
6 73
6 97
13
7 92
1 77
2 65
5 52
8 86
9 77
8 66
10 61
1 63
10 85
10 54
5 85
8 73
16
5 99
2 51
7 71
1 94
9 86
8 52
3 83
1 82
8 66
7 100
9 80
6 83
9 63
1 63
4 97
5 99
15
4 60
3 67
3 86
8 91
6 62
10 90
3 70
8 75
3 63
4 72
3 88
6 98
6 90
4 71
2 77
14
6 77
1 91
6 68
5 84
6 66
10 58
9 94
3 96
9 51
5 80
2 77
3 60
5 100
2 65
15
1 52
7 83
1 67
9 65
1 81
9 82
9 89
7 55
2 50
9 82
2 53
4 74
2 90
1 100
5 66
13
1 80
9 90
4 97
6 66
2 72
5 67
8 68
4 99
6 76
1 86
2 79
9 87
10 59
14
2 90
5 99
5 62
7 58
8 83
7 83
5 100
5 90
4 62
6 100
4 51
6 64
1 50
9 72
15
10 59
6 80
8 92
7 60
7 65
6 82
3 82
6 89
1 50
2 67
7 63
7 55
9 98
4 52
3 96
13
2 50
10 85
7 92
1 83
6 95
2 88
4 82
1 89
9 51
5 88
7 86
9 76
2 72
13
7 92
10 93
8 63
10 50
10 91
9 58
8 63
3 52
2 97
7 100
8 76
1 79
4 78
14
3 70
10 76
4 81
6 95
10 50
3 64
7 54
9 84
10 86
10 54
2 75
4 75
10 52
8 53
15
8 84
6 66
5 57
2 78
6 98
7 77
6 95
10 62
9 95
4 78
9 63
9 89
3 98
2 64
3 81
14
2 52
6 78
4 82
1 59
6 51
10 59
7 55
7 71
6 80
1 99
4 71
7 64
2 70
9 76
14
9 83
6 76
6 97
4 94
2 69
8 87
10 66
10 84
3 73
1 77
4 93
5 74
9 88
7 95
14
7 59
1 71
6 85
2 77
10 71
10 63
7 54
7 75
7 67
6 91
10 89
8 83
8 76
7 91
14
7 94
9 57
5 93
2 50
2 66
3 89
6 55
4 80
5 79
2 54
7 92
6 65
4 75
9 64
16
4 90
7 52
4 100
3 54
1 85
9 98
7 86
1 79
4 89
2 52
4 86
5 58
4 83
3 64
2 76
3 62
16
4 82
4 66
3 62
3 99
5 56
8 77
7 97
5 85
3 100
2 87
2 88
8 84
2 70
6 90
8 51
8 73
14
4 76
7 83
1 87
4 54
9 57
8 95
2 99
1 72
8 66
6 61
6 96
7 62
2 59
10 68
14
8 52
8 58
2 51
10 50
2 60
7 53
4 81
1 53
6 84
9 53
7 98
7 76
1 60
3 62
14
1 85
4 89
1 57
9 78
2 60
7 83
3 71
7 62
9 70
9 57
4 55
5 67
7 53
10 95
13
3 77
4 97
3 80
9 83
2 80
2 75
3 70
9 69
7 99
10 85
6 72
4 93
5 90
13
3 82
6 79
4 92
7 64
4 53
1 71
4 85
4 79
10 78
2 69
4 87
9 86
2 52
16
2 81
2 84
8 68
3 71
9 84
6 82
2 64
1 61
8 97
5 98
1 58
5 56
7 97
4 79
2 97
9 93
16
6 82
1 71
9 97
1 75
10 73
2 77
2 99
1 76
4 85
2 76
1 91
9 83
2 85
8 73
4 74
9 79
14
7 87
7 55
2 71
2 52
10 77
1 97
6 57
7 52
4 69
5 57
5 66
4 70
3 50
5 55
13
10 53
6 94
5 50
8 76
3 52
10 92
4 72
6 100
1 95
6 53
8 95
1 57
3 84
16
6 88
2 70
5 60
5 98
3 73
10 85
10 93
3 88
9 64
6 60
1 66
7 57
3 77
7 98
9 95
9 96
15
6 66
1 52
10 62
9 59
8 58
7 53
8 51
9 64
10 69
9 91
8 96
1 89
4 97
5 67
2 73
14
10 55
5 98
8 57
4 64
2 84
9 69
3 88
6 98
10 63
3 85
8 66
5 52
5 56
2 88
16
9 73
1 68
2 72
4 55
6 53
10 83
1 93
4 65
2 78
5 50
1 94
9 85
1 50
3 73
5 80
6 86
15
7 75
4 88
2 78
5 84
10 84
4 51
9 62
4 94
9 57
6 74
5 83
8 89
4 68
8 50
9 100
14
8 76
1 66
6 68
10 94
8 75
7 59
3 70
5 99
1 60
9 61
8 89
3 91
10 78
9 51
13
7 62
9 60
6 58
1 58
8 97
4 80
4 79
6 77
9 50
10 85
9 96
7 52
8 50
13
10 89
5 61
10 93
10 80
8 81
3 93
9 72
5 61
9 64
6 86
8 89
9 53
6 50
15
6 53
6 52
7 84
6 74
4 85
2 53
7 58
8 56
8 94
7 58
7 64
3 77
9 50
5 96
10 76
13
4 73
1 62
3 63
8 58
10 83
5 52
3 70
9 67
10 72
9 70
3 55
3 94
1 62
13
10 76
2 85
7 95
4 98
9 80
7 82
7 52
4 71
4 65
7 50
2 68
10 75
4 95
16
1 56
2 58
4 62
4 80
1 75
6 74
3 94
10 51
2 59
6 86
2 87
5 99
6 77
4 60
10 75
2 54
16
10 81
4 67
2 91
10 76
9 65
4 98
9 94
3 84
5 75
5 57
3 70
10 52
9 55
5 66
8 75
10 93
14
3 87
3 96
6 85
8 85
10 89
6 58
8 53
1 68
2 88
1 86
8 50
8 78
1 99
8 90
13
5 90
5 66
3 88
9 62
9 54
10 78
5 100
4 78
8 94
6 77
7 88
3 73
10 61
14
1 56
4 60
1 52
3 89
8 82
8 99
7 57
7 77
3 61
7 50
9 72
10 51
1 91
9 54
14
6 64
8 74
8 73
8 89
6 73
2 89
10 74
3 66
7 68
2 73
1 92
5 56
4 70
9 89
15
3 64
9 53
8 59
2 87
5 64
1 91
9 94
1 77
9 90
2 62
4 75
10 72
9 89
3 84
1 65
16
4 71
9 53
7 63
7 95
7 89
3 54
8 100
9 68
6 57
4 79
9 52
10 56
3 53
4 92
3 52
4 78
16
3 61
7 85
6 81
4 60
10 89
2 93
8 74
8 62
3 61
6 58
4 95
6 88
9 82
7 53
4 68
10 69
15
4 85
6 66
3 86
7 74
9 67
7 99
8 74
1 77
5 77
4 65
5 88
6 63
2 62
4 95
2 50
16
10 70
8 64
9 74
10 92
6 93
7 73
10 54
4 83
10 51
3 90
1 96
6 95
7 80
6 99
7 61
9 81
16
7 84
10 82
1 70
1 98
9 69
9 50
1 91
2 63
8 99
3 99
2 85
3 67
7 91
7 87
3 56
7 67
13
8 98
3 72
4 93
10 83
4 51
10 94
7 93
8 78
9 57
5 54
5 53
8 59
9 70
13
2 63
4 98
8 74
9 50
9 60
5 74
8 78
6 78
2 50
2 98
5 87
3 75
7 79
13
4 58
10 89
4 85
2 51
10 66
3 79
5 68
5 72
2 82
3 72
2 50
8 59
1 78
13
8 69
4 72
2 65
6 100
3 81
3 51
8 99
5 81
8 76
9 86
3 77
2 69
8 50
16
6 76
3 76
2 69
7 82
6 68
10 91
9 51
3 90
9 90
7 75
8 97
5 92
5 79
8 72
6 77
3 100
13
5 70
1 54
9 83
6 63
4 71
10 94
9 68
6 88
8 60
4 54
7 61
1 69
8 99
15
6 88
4 87
6 51
6 78
3 66
1 52
1 63
1 54
5 84
8 50
10 51
1 70
3 70
3 86
5 67
15
4 55
8 70
2 66
4 61
2 87
4 74
5 54
10 55
8 78
9 68
1 80
4 67
5 50
1 50
9 90
16
4 87
8 79
7 65
2 76
5 83
7 94
6 79
3 51
2 63
5 87
10 63
1 100
10 80
7 94
5 74
4 68
13
1 59
5 89
10 75
8 97
6 66
10 50
10 74
3 59
3 70
8 71
4 60
7 64
9 67
16
4 61
8 92
9 97
10 93
2 95
6 62
8 87
2 75
6 97
4 99
6 100
10 50
3 64
9 82
7 67
9 86
15
5 63
4 77
1 91
7 88
5 61
5 86
10 56
10 64
7 93
9 62
7 53
8 58
9 76
9 79
7 73
13
4 67
8 65
8 88
4 88
5 59
5 70
3 68
3 94
2 76
5 89
9 95
7 97
8 83
15
5 94
6 86
9 95
9 82
3 98
7 85
1 53
8 53
2 92
6 94
3 92
8 79
1 54
5 99
3 79
14
5 69
5 82
7 87
1 55
1 96
7 77
2 72
1 82
4 54
6 89
6 72
1 75
9 50
10 89
15
3 89
4 54
2 70
8 93
2 55
4 57
5 99
8 53
5 51
9 78
8 51
7 67
7 64
3 60
4 96
13
5 63
3 77
4 53
4 52
4 81
3 92
10 79
9 51
1 61
3 64
6 81
9 58
8 65
15
7 85
8 56
4 92
10 68
4 99
4 88
10 57
1 64
6 96
9 74
1 73
4 100
1 97
7 61
1 74
16
5 63
7 77
6 82
4 58
8 85
6 87
2 81
3 97
6 89
3 50
5 76
6 70
8 79
5 62
5 100
3 54
16
2 82
9 81
9 67
8 64
9 60
3 75
5 92
10 86
9 72
3 78
1 86
6 65
7 63
6 96
1 52
10 60
15
2 63
1 56
1 90
1 69
9 93
5 91
7 87
4 51
10 89
3 50
4 74
9 96
7 86
1 88
6 69
14
2 78
4 77
9 73
9 62
5 88
10 51
3 87
9 71
5 81
1 99
5 75
9 60
2 84
8 63
15
8 88
3 65
2 51
9 55
5 59
6 80
1 100
1 93
10 52
2 90
3 83
6 82
5 97
7 63
3 77
16
8 53
4 62
7 76
7 55
5 74
4 51
7 63
4 66
1 61
8 81
2 69
9 96
5 100
10 89
3 93
2 74
13
6 63
1 95
8 55
4 51
5 61
8 81
2 88
5 84
1 83
9 63
7 98
5 53
8 74
16
8 80
5 69
7 51
9 54
4 78
7 54
8 97
9 64
8 64
7 98
2 57
2 96
2 79
4 50
9 51
8 67
16
9 54
3 86
6 65
6 51
1 99
3 88
6 56
8 53
1 57
9 58
7 76
9 66
10 95
5 55
3 100
7 84
13
7 81
2 87
2 92
9 73
9 68
1 63
3 66
4 71
2 60
6 100
9 58
3 58
6 59
16
4 57
1 56
10 52
8 80
1 60
4 74
10 69
1 79
2 59
1 96
1 85
5 99
4 79
10 81
6 63
7 64
14
10 100
9 84
6 95
3 72
4 87
4 81
10 57
7 81
10 83
8 51
1 97
10 83
3 65
4 54
13
5 83
4 82
9 61
4 82
7 67
10 68
7 57
3 74
2 88
7 53
9 64
6 72
7 51
13
5 76
8 92
6 59
6 92
6 88
4 57
10 52
6 66
4 55
7 86
10 60
3 84
2 82
16
10 81
10 74
6 50
5 87
1 85
5 95
4 61
2 55
7 52
8 62
1 79
6 69
6 69
7 84
2 63
4 51
13
9 75
8 56
2 86
2 72
2 76
4 96
1 88
1 87
3 83
8 79
7 67
5 83
4 58
16
2 80
3 52
5 100
7 51
7 87
6 85
2 69
4 65
1 87
7 50
5 75
6 90
1 58
1 62
7 93
2 62
16
6 55
8 74
3 67
5 60
10 76
4 76
5 80
3 95
2 50
5 83
5 58
1 77
1 63
10 80
4 52
4 85
15
10 62
2 55
4 57
7 62
6 93
10 76
8 54
4 52
4 61
10 65
1 89
10 64
6 57
8 92
7 82
14
1 50
1 91
4 70
8 69
3 89
7 90
4 58
7 77
10 57
3 75
7 77
3 74
9 54
1 91
13
7 61
8 100
5 76
6 64
7 84
6 87
1 84
1 54
10 67
5 55
1 62
6 72
4 100
16
1 92
1 50
3 78
9 86
4 94
4 79
1 63
9 90
3 68
6 62
4 73
7 71
7 54
7 99
6 68
4 63
15
4 73
8 95
1 66
10 97
8 93
4 78
6 85
7 66
9 58
6 62
7 63
2 86
10 94
8 59
9 65
14
2 87
3 94
4 94
4 76
7 62
9 97
3 71
3 89
5 100
4 56
8 79
2 77
4 61
5 89
16
4 63
6 70
7 57
8 59
3 54
5 71
9 87
5 56
5 66
1 86
7 75
6 82
1 68
10 57
10 85
8 81
13
5 81
3 97
7 65
8 94
4 97
1 90
5 92
9 74
8 50
7 52
3 63
1 86
10 55
15
10 85
1 60
3 63
3 54
8 87
6 73
8 69
5 76
8 68
1 79
7 66
3 88
6 92
4 96
2 52
14
3 51
3 96
3 79
5 83
1 88
9 54
4 71
10 99
4 96
8 76
2 85
8 93
7 99
2 77
16
5 91
6 63
8 73
9 96
8 50
8 90
9 64
1 76
9 85
2 67
4 84
4 97
1 59
10 97
3 91
9 63
16
10 94
4 57
7 73
9 50
4 93
8 86
2 55
10 52
4 92
6 90
7 68
9 58
1 51
7 94
6 91
2 73
13
9 86
5 60
3 81
10 72
9 99
3 72
4 78
1 61
6 60
2 52
2 87
5 78
3 51
13
7 92
9 70
4 63
9 59
10 84
4 67
7 89
6 92
7 100
9 50
8 80
10 76
1 59
14
2 82
10 89
5 94
3 75
8 84
7 66
1 61
1 60
5 81
2 60
8 84
6 61
1 77
8 79
15
10 80
3 96
2 82
4 78
8 86
1 87
4 65
9 87
7 98
6 68
2 81
4 55
4 72
9 56
7 99
16
4 58
9 91
10 77
1 53
7 98
2 93
2 81
5 60
2 72
1 86
10 76
6 65
10 82
3 95
10 90
8 59
14
7 69
3 67
7 50
2 85
3 95
10 84
6 57
1 85
9 78
8 73
7 73
5 55
3 54
2 73
14
1 90
1 98
7 90
10 78
3 91
10 67
7 94
7 82
5 96
10 71
7 54
4 68
8 94
6 70
16
4 60
1 81
3 66
2 85
4 50
7 81
6 50
2 56
10 83
1 90
2 59
1 89
8 73
6 94
2 65
5 58
16
9 60
1 68
9 98
5 94
3 80
10 94
2 54
6 54
4 71
10 86
8 98
8 87
10 71
4 60
3 61
8 83
14
9 87
6 95
5 72
2 89
3 81
5 95
6 100
3 55
7 66
2 60
9 81
5 93
8 71
1 96
15
10 67
1 56
1 94
9 74
2 86
7 74
3 73
8 78
3 92
3 80
3 56
3 60
5 89
8 70
5 96
13
4 87
3 53
9 64
2 93
3 77
2 72
9 78
2 53
9 88
4 78
2 63
7 73
5 60
16
3 57
4 88
10 75
3 60
5 64
5 74
1 51
4 96
3 63
7 78
4 100
3 72
5 82
4 86
9 99
4 51
15
2 88
8 83
6 77
1 71
6 64
5 85
7 80
9 54
6 59
4 57
1 82
6 84
10 60
5 88
3 86
16
1 57
6 95
4 55
5 69
6 59
10 68
6 53
3 57
6 76
9 65
2 65
5 95
8 54
10 92
6 87
9 64
13
7 56
8 73
8 53
10 50
2 69
10 53
5 68
6 54
9 56
5 95
9 75
8 62
6 60
16
5 87
1 60
7 69
5 86
4 69
7 90
8 86
9 72
1 69
1 89
1 85
3 70
4 87
2 85
6 51
5 90
15
9 58
3 67
3 100
8 99
2 71
4 91
2 64
7 95
9 51
1 51
3 99
1 85
1 66
10 70
10 84
16
6 100
6 60
4 64
2 58
5 78
5 83
6 90
6 60
8 50
10 99
9 79
1 50
6 51
2 56
6 63
3 79
14
3 80
2 53
10 58
5 76
7 89
10 57
7 87
3 94
10 97
2 95
10 91
1 89
9 59
2 72
14
8 59
5 60
7 76
10 98
6 98
6 68
2 55
9 99
6 58
9 68
5 64
5 64
2 89
6 53
16
5 78
5 87
9 76
6 90
9 72
9 67
2 60
10 70
1 53
9 87
10 50
1 54
2 57
6 83
4 82
5 93
14
6 60
10 75
6 51
2 89
9 99
7 76
5 56
1 53
6 52
2 90
6 66
4 93
7 81
4 84
15
9 72
8 57
6 78
1 84
1 59
8 87
7 62
5 71
2 78
3 89
3 82
3 72
2 81
6 69
10 77
14
3 85
8 80
7 71
2 83
9 99
4 75
4 77
7 97
10 96
6 100
6 77
1 76
2 81
9 96
16
8 76
7 78
2 56
2 62
3 53
1 56
6 60
2 52
6 66
7 54
3 88
7 72
5 73
2 91
8 59
9 90
14
3 81
10 50
5 54
5 95
10 93
8 55
6 87
6 61
7 71
9 75
10 63
6 95
5 52
4 73
15
4 75
5 54
6 96
10 99
2 87
10 74
5 54
4 82
3 89
3 67
9 66
5 76
2 92
4 69
3 60
13
3 91
2 99
1 84
8 71
8 60
4 53
6 54
7 52
7 50
2 77
7 95
6 83
3 76
13
9 56
2 73
9 54
5 79
3 58
10 56
7 67
8 89
9 78
1 71
9 85
9 51
3 79
14
10 100
6 95
6 58
2 71
10 66
8 89
8 92
10 99
4 64
10 51
7 82
5 57
9 95
8 77
15
3 85
6 78
10 68
8 56
3 96
7 72
9 66
4 64
10 55
7 81
1 57
8 86
2 69
6 62
9 87
16
8 59
3 73
7 82
1 50
9 90
6 81
9 95
7 58
8 95
5 69
6 75
3 93
9 83
2 91
6 55
9 87
13
10 93
3 92
6 70
8 59
6 97
1 73
1 55
5 94
4 95
6 67
8 94
3 67
6 95
14
8 52
7 94
7 98
6 96
3 60
3 69
7 53
9 91
3 75
4 89
5 97
3 87
9 79
5 51
14
7 100
6 69
5 87
6 57
3 100
9 71
4 87
3 69
4 79
2 69
9 92
1 77
2 90
6 60
16
3 83
7 63
3 93
3 57
4 53
2 85
7 98
1 55
4 84
4 72
3 92
3 64
6 61
7 80
1 60
4 55
14
3 65
9 60
9 70
5 78
1 72
7 59
1 94
7 74
2 76
3 59
5 99
8 51
2 62
6 100
15
1 60
5 85
8 70
5 69
8 54
8 66
4 61
8 75
7 85
1 93
6 68
1 78
2 62
10 92
8 66
13
2 85
5 53
8 61
9 93
4 91
5 95
5 100
5 77
9 66
4 87
5 57
7 92
7 71
13
6 70
4 72
2 70
5 61
3 88
7 80
6 71
9 97
1 86
7 98
7 89
8 81
2 85
13
6 98
1 67
1 76
3 93
8 77
1 78
10 68
8 51
5 85
7 55
9 61
3 56
5 76
16
8 75
4 91
1 96
3 87
1 71
10 62
5 95
7 86
10 88
8 95
5 72
3 92
9 73
8 87
2 100
7 55
14
5 66
8 94
4 85
5 90
4 84
2 76
2 50
8 84
2 79
3 100
2 93
7 74
9 55
7 90
13
9 81
2 58
2 64
3 58
4 70
1 72
7 65
9 55
4 73
8 100
5 56
7 94
5 97
13
1 84
6 85
2 84
2 82
5 63
2 88
8 50
2 78
2 78
8 98
2 83
10 85
6 79
16
4 68
10 70
4 71
3 59
9 97
8 95
5 78
2 75
4 77
1 68
10 52
4 88
9 69
4 77
3 93
6 56
16
10 70
8 95
7 94
1 74
9 74
7 85
8 99
5 67
2 58
6 55
8 60
10 65
5 92
4 80
2 72
5 76
14
1 55
7 99
2 94
10 58
6 70
10 71
9 70
5 70
8 94
8 56
9 74
5 70
10 85
6 95
14
9 53
6 99
4 92
8 98
7 91
8 77
10 53
7 69
7 56
4 100
1 52
10 82
6 78
3 81
13
2 78
5 87
1 74
5 51
8 62
7 59
7 99
3 62
8 63
3 88
8 60
10 58
2 95
16
1 51
8 55
8 59
7 74
9 96
7 94
10 57
7 52
8 79
5 83
10 51
3 54
8 75
2 67
8 87
8 100
14
7 61
4 82
2 98
4 52
7 76
4 86
5 51
7 69
8 63
4 76
1 53
6 59
8 70
8 80
15
7 60
1 53
4 52
9 80
3 86
4 95
3 66
9 100
7 84
2 78
6 64
8 90
8 89
2 94
5 85
16
7 60
3 91
7 61
10 65
3 87
3 57
1 65
3 74
9 99
5 56
5 67
1 91
8 87
9 67
9 70
10 94
15
8 63
8 74
5 96
9 94
6 56
10 74
8 65
7 53
2 95
9 93
7 51
4 64
3 65
2 77
10 51
16
7 60
4 100
5 84
3 99
7 99
2 57
1 56
10 70
8 57
2 87
1 84
5 77
6 84
9 96
1 61
1 56
15
5 72
1 65
7 58
8 86
6 79
1 65
4 79
10 75
7 66
8 93
8 76
9 77
9 97
9 64
3 60
15
3 54
5 97
2 57
8 79
10 54
4 78
2 83
9 97
5 100
4 73
7 88
4 60
7 73
10 63
6 76
16
3 99
2 91
10 66
5 99
2 89
4 50
9 79
5 60
6 82
2 52
4 52
9 70
3 68
4 86
3 72
9 94
16
1 77
2 90
5 97
2 57
6 59
9 86
6 69
9 95
2 62
6 86
4 78
1 74
6 68
6 71
4 74
10 89
15
9 94
8 68
9 58
2 63
7 71
2 90
10 74
5 84
8 80
10 61
2 76
8 99
3 94
5 58
7 86
16
8 100
6 95
2 89
7 85
2 97
9 99
7 64
5 62
2 94
1 85
3 88
2 86
2 69
6 67
8 99
10 68
16
7 87
2 80
8 53
10 61
9 84
5 83
8 67
9 71
4 78
8 89
9 82
7 92
10 63
2 98
4 79
6 93
16
2 66
10 57
7 63
2 62
10 57
9 59
1 53
2 54
6 84
6 96
6 96
9 76
7 96
1 71
10 97
10 79
13
1 60
1 86
4 71
1 95
7 98
6 87
6 63
4 58
5 54
4 51
10 100
6 99
10 63
16
2 60
6 52
4 57
2 75
2 66
6 74
7 57
3 93
5 73
10 56
1 84
5 54
4 78
9 71
2 56
6 91
13
8 81
4 79
10 72
10 78
7 78
2 97
2 53
10 100
6 69
4 57
1 55
4 53
4 72
15
2 88
4 63
1 79
3 80
7 57
7 64
7 72
5 97
8 93
2 77
3 80
5 82
3 92
2 85
1 56
14
5 61
9 75
6 60
7 80
3 86
8 99
9 88
8 77
10 56
1 78
10 69
7 57
9 65
3 52
13
8 52
2 94
3 72
5 58
6 98
10 50
7 59
4 68
2 95
4 88
9 66
6 61
3 70
13
2 55
6 56
9 54
9 67
8 84
7 50
9 57
10 71
1 63
2 96
5 99
9 77
7 87
16
3 97
7 73
3 62
2 90
4 82
5 59
9 66
7 79
4 53
2 88
7 55
1 75
5 98
10 88
8 74
5 95
14
9 69
7 52
2 56
1 100
6 62
10 51
5 71
1 90
3 82
9 74
5 56
10 88
7 71
4 94
16
6 88
9 91
6 86
1 76
9 67
7 54
1 80
3 62
4 98
4 64
3 92
4 72
10 85
9 93
3 86
2 90
15
1 53
6 68
8 79
6 66
5 81
4 77
7 76
7 68
7 72
10 69
1 50
4 51
2 84
10 88
8 63
15
4 95
3 52
2 75
3 52
10 87
5 50
8 62
3 53
1 91
6 80
3 61
2 78
4 81
7 57
9 54
13
6 75
10 52
1 63
8 85
10 82
9 94
8 74
1 72
5 60
3 90
1 56
7 100
8 52
14
5 91
2 58
8 71
1 96
3 84
4 100
8 81
8 80
3 76
1 83
7 79
10 55
9 52
3 62
16
2 85
1 54
3 60
8 69
9 81
4 83
3 90
6 50
3 86
3 73
8 58
3 82
6 57
5 93
5 64
10 86
16
5 97
3 74
1 78
7 100
2 63
9 96
2 82
8 86
2 75
1 67
6 78
1 86
5 86
6 58
5 71
5 71
13
3 85
6 85
9 88
5 95
1 88
5 56
10 76
2 61
8 85
10 52
2 59
5 62
1 50
14
7 73
4 91
6 65
10 50
6 50
8 75
8 79
7 88
8 76
10 74
5 89
4 61
8 84
8 66
13
4 57
3 98
2 69
2 52
6 87
2 71
4 91
5 50
8 95
2 73
8 99
10 85
6 69
14
4 55
4 75
2 85
5 88
10 85
10 99
10 74
6 91
9 98
1 82
10 81
8 50
10 76
10 81
14
5 77
7 91
8 56
4 94
6 61
8 64
2 99
9 90
2 84
6 85
5 95
8 73
3 70
6 67
16
5 58
7 78
3 54
5 53
5 66
7 71
8 93
10 100
1 55
5 85
7 82
9 55
6 89
6 86
5 89
10 80
14
6 91
8 52
3 64
6 54
4 69
5 65
10 80
9 67
2 64
6 96
1 93
1 99
7 76
4 88
15
4 67
6 75
7 73
2 79
7 91
8 88
3 84
6 66
7 100
7 91
3 70
2 74
9 72
1 92
5 70
15
10 98
2 96
7 69
9 70
7 77
8 79
8 59
5 82
6 86
5 56
2 76
4 78
7 82
1 66
3 74
14
5 67
3 76
8 93
3 92
2 82
3 88
6 80
1 80
1 91
6 92
2 68
5 51
3 94
4 65
14
3 76
6 55
1 54
4 76
2 91
5 70
6 94
7 90
3 59
2 78
2 53
1 100
5 100
1 60
14
1 77
5 60
3 79
6 65
2 69
10 96
3 58
2 63
1 51
3 85
8 51
10 93
10 65
9 88
15
9 69
8 64
9 77
9 62
1 54
2 62
5 79
10 96
9 61
6 57
10 62
3 76
8 73
2 90
2 71
14
8 54
9 73
1 78
10 92
4 86
6 76
1 82
9 50
10 72
6 83
6 78
2 64
6 97
3 88
14
4 65
8 70
3 74
5 51
9 93
2 99
4 58
2 59
4 50
3 64
3 58
4 86
7 95
6 75
15
10 81
5 67
7 93
9 51
9 75
3 74
10 97
1 99
3 92
4 67
1 61
5 82
6 66
6 61
1 52
14
6 87
9 51
7 84
3 75
3 78
3 56
10 66
3 55
8 95
6 86
9 50
9 99
10 73
7 51
14
3 70
1 76
7 50
2 56
8 52
10 56
7 56
8 67
1 64
3 56
2 68
1 100
8 91
10 89
15
7 51
5 91
8 51
4 96
2 54
4 82
10 53
9 75
8 96
1 73
1 87
1 82
3 60
10 94
5 58
16
2 55
3 54
1 72
5 95
1 71
8 67
10 79
4 67
2 57
6 79
1 64
10 80
2 51
3 75
3 82
5 89
13
9 54
5 72
1 88
9 86
3 62
10 51
6 54
1 99
7 74
4 83
2 73
4 87
4 74
15
5 84
7 79
8 53
1 96
2 60
9 53
5 88
3 100
5 74
4 66
8 85
5 90
10 72
5 61
10 51
14
5 93
10 90
7 92
3 99
1 87
10 78
1 88
5 82
4 89
7 89
1 81
10 82
4 94
6 85
16
5 54
10 63
2 64
8 66
8 52
8 83
5 94
1 52
6 93
4 67
1 70
9 93
1 57
3 60
1 91
8 75
16
10 77
8 53
10 54
2 75
3 89
1 65
9 87
2 78
3 79
3 69
6 68
5 86
6 64
1 53
2 99
8 65
14
8 50
1 70
7 83
8 71
7 81
7 56
1 86
3 51
2 98
2 54
8 54
10 54
6 64
7 98
15
8 85
10 70
2 100
6 97
9 80
7 77
9 94
10 72
9 61
6 61
4 59
8 73
6 100
1 62
1 72
15
5 94
1 84
8 54
6 71
5 92
10 50
10 93
8 82
4 92
4 63
2 100
1 57
8 58
5 52
9 54
14
1 78
7 92
4 65
4 53
6 68
2 56
1 56
7 55
10 94
1 97
7 75
9 58
4 90
7 64
15
2 54
8 71
9 53
5 61
3 50
2 58
2 70
10 99
7 68
4 64
3 74
6 68
7 89
8 62
6 87
13
4 75
9 95
5 69
3 80
10 71
6 73
2 70
3 86
10 98
10 60
6 95
6 68
9 90
16
5 72
5 97
4 90
9 77
4 66
3 85
8 89
6 97
6 100
1 93
4 82
4 97
7 69
2 91
10 56
6 53
15
3 93
4 61
5 97
6 59
5 90
3 68
10 93
5 89
8 55
6 79
10 80
3 69
9 70
1 82
3 57
13
2 79
8 57
2 79
7 76
4 53
8 82
2 56
4 64
10 53
5 67
7 75
6 67
5 89
16
7 62
7 100
1 84
9 92
1 91
2 54
5 81
9 86
7 91
8 92
6 69
6 61
10 51
1 83
6 61
10 100
13
8 76
5 67
1 70
7 97
8 76
2 79
2 84
3 84
4 98
8 59
4 68
1 94
7 90
14
3 79
3 67
8 77
10 53
2 59
2 63
10 55
5 97
2 97
3 54
2 63
6 73
2 95
8 56
13
8 95
5 70
6 89
1 54
10 55
2 88
6 58
9 50
9 84
9 94
5 80
4 57
9 94
13
9 88
10 83
7 53
1 70
2 69
10 85
3 98
3 53
10 58
1 76
2 88
10 50
1 88
14
5 55
3 97
8 78
9 69
5 63
5 66
7 97
3 55
5 88
2 83
7 60
6 100
3 95
9 69
15
5 59
3 98
4 54
10 72
8 84
8 70
1 58
5 51
1 70
10 79
9 59
10 86
8 95
1 80
10 64
15
2 91
9 90
4 59
6 90
7 87
1 50
9 60
4 59
2 67
1 64
9 95
5 66
10 56
4 72
7 77
13
4 76
2 61
10 94
2 95
7 97
8 75
8 73
6 92
8 84
10 69
9 83
1 50
7 74
15
2 88
3 97
6 83
9 69
10 58
7 81
4 90
8 97
6 58
8 91
5 55
7 95
1 77
8 87
8 73
14
4 98
3 84
5 88
6 77
5 62
5 92
9 52
2 93
5 69
4 59
9 81
8 86
10 73
5 94
16
5 68
1 87
9 67
7 56
6 90
6 59
8 98
9 84
10 58
7 88
6 78
10 96
7 83
4 95
2 58
7 54
14
6 71
1 88
4 74
7 77
6 59
7 100
3 57
8 69
7 96
10 99
4 94
8 81
10 58
5 64
15
2 63
3 75
7 76
3 94
3 88
2 54
5 75
3 57
1 96
9 74
9 87
2 58
9 74
9 93
2 92
16
9 88
3 100
1 62
1 71
7 55
6 56
10 78
10 58
10 51
7 68
10 61
5 79
6 74
6 68
7 81
9 77
16
2 85
6 94
7 91
4 62
6 86
1 82
1 93
7 77
4 92
1 64
5 97
2 96
7 87
1 95
8 65
7 55
14
5 56
4 91
2 71
9 90
6 76
4 67
4 66
7 99
1 68
1 96
1 64
9 63
10 80
4 98
13
3 77
6 59
3 86
6 85
7 61
4 88
7 58
6 79
6 67
7 66
8 86
8 64
6 58
16
7 73
3 75
6 98
3 100
5 79
9 92
5 86
2 69
4 77
7 84
4 87
5 80
6 96
5 72
4 82
3 67
15
10 87
10 87
6 100
1 86
2 65
1 78
2 84
4 64
6 80
6 67
8 57
5 94
1 80
6 63
5 53
13
1 50
2 93
3 54
9 75
1 84
7 95
7 96
8 79
7 80
8 60
8 84
4 89
2 87
13
10 74
10 78
2 100
6 79
9 89
10 69
2 79
7 68
4 100
9 88
9 83
6 54
8 89
13
1 89
7 52
9 76
3 89
6 69
2 68
5 53
9 85
6 62
7 100
2 75
10 84
7 98
16
3 92
1 69
4 83
5 94
6 79
3 69
8 92
4 71
1 68
6 55
1 63
5 60
4 97
6 57
4 86
9 90
13
5 88
1 74
1 90
10 56
1 81
9 53
8 72
6 89
7 85
1 98
7 84
10 54
8 74
14
7 80
6 60
1 89
5 52
3 60
5 67
2 93
7 50
8 69
9 79
2 78
1 65
5 79
10 63
13
1 100
9 82
9 65
4 56
5 61
8 82
3 72
8 59
4 57
8 51
5 59
7 96
3 57
14
9 51
10 60
5 82
4 51
10 53
1 100
5 66
8 87
7 78
4 51
7 84
4 73
10 64
2 79
13
3 57
1 69
7 81
2 79
5 58
1 55
7 62
8 67
1 71
4 81
1 77
9 57
1 50
16
6 56
1 54
3 91
3 94
5 95
6 57
4 80
7 82
3 58
1 99
1 91
4 65
6 86
2 64
4 93
6 82
13
7 62
10 70
7 74
3 70
10 70
1 54
8 51
3 55
9 68
8 69
4 97
9 51
8 54
15
10 61
7 56
4 61
6 73
9 59
9 59
1 59
8 82
5 81
6 85
1 95
9 90
7 50
4 55
4 56
15
4 82
2 90
2 55
7 60
5 56
7 81
2 93
9 95
10 62
6 95
8 61
9 92
9 95
1 81
3 97
15
2 53
5 53
7 68
9 95
6 79
9 75
9 86
6 93
1 94
9 82
4 97
10 61
3 63
8 64
4 83
14
3 64
2 59
4 70
1 72
5 91
1 100
6 95
1 87
4 85
6 74
9 93
3 100
5 73
2 50
16
8 69
2 75
10 73
9 96
5 81
5 65
6 61
4 65
1 63
8 83
9 58
6 56
6 62
9 96
6 79
7 79
15
5 59
2 88
10 85
10 84
7 58
7 86
10 53
4 100
3 81
8 87
3 81
4 54
6 87
2 89
1 59
15
8 83
6 83
9 69
3 53
7 94
10 51
8 50
6 84
2 85
4 60
4 66
4 55
3 68
9 86
3 62
13
10 76
2 88
6 67
3 66
3 67
7 50
2 78
3 81
8 57
10 65
6 85
6 55
8 88
13
3 98
8 69
1 83
4 81
4 55
4 100
5 57
8 90
3 71
10 60
8 53
10 81
3 69
14
10 78
4 54
6 98
5 86
1 52
8 97
5 50
2 59
9 62
4 63
10 98
7 77
10 50
7 65
14
8 60
9 57
7 66
4 58
4 89
3 53
10 86
4 78
4 91
4 56
5 83
4 65
9 86
8 74
14
5 97
4 68
8 95
6 95
4 86
4 60
4 81
8 69
3 78
1 74
7 66
4 52
9 83
7 73
14
6 50
9 91
5 78
4 65
2 50
3 100
9 99
3 92
2 99
7 98
9 97
1 54
7 95
5 88
14
10 91
3 88
7 65
5 88
4 74
7 70
3 66
7 51
2 61
10 88
6 93
7 71
1 77
2 71
14
10 94
1 84
10 65
7 76
1 93
4 88
10 60
7 78
6 89
9 66
4 83
9 90
10 85
3 60
14
6 92
2 96
2 88
2 81
7 73
5 94
8 91
1 71
2 82
4 88
10 89
9 76
3 76
5 53
13
10 88
2 52
9 98
7 71
1 71
1 56
8 90
10 74
8 78
5 65
8 100
6 65
1 50
14
8 52
1 75
4 80
10 100
10 61
10 71
10 86
6 99
8 53
9 53
2 63
8 92
2 85
10 77
14
10 84
10 100
1 72
3 59
9 99
3 51
3 99
1 87
10 61
7 70
10 92
7 83
1 62
4 88
13
2 88
7 72
10 98
5 72
2 95
5 65
7 57
6 51
5 81
7 71
10 80
4 69
10 77
15
10 54
3 80
1 94
4 68
3 53
10 71
4 93
4 62
10 95
8 83
4 70
8 74
1 77
8 97
2 100
16
10 56
5 70
6 58
6 78
7 77
2 84
4 52
2 65
8 79
8 90
3 62
5 83
10 70
9 88
2 77
3 92
14
1 70
2 65
9 82
7 51
6 55
6 82
2 91
1 67
8 62
6 52
1 85
5 85
3 52
5 94
15
5 89
6 72
9 85
10 82
5 51
10 94
6 80
7 80
6 77
4 89
7 69
5 96
6 56
6 94
4 77
13
7 74
9 68
6 85
1 71
2 77
7 94
4 54
6 54
4 85
1 59
2 58
1 94
2 51
15
5 70
5 64
9 77
3 62
6 80
4 85
1 67
10 99
5 81
7 83
9 58
10 50
4 83
2 80
4 65
16
10 89
6 76
4 83
6 95
2 92
8 89
9 50
4 91
4 70
4 94
6 72
8 91
6 67
5 63
7 83
4 60
16
7 63
1 66
10 97
5 67
4 73
2 89
10 92
8 67
9 78
1 78
9 60
10 85
7 50
8 56
1 90
8 71
14
6 64
8 92
1 87
7 88
6 92
8 66
7 57
9 57
5 98
10 62
7 100
1 85
8 61
7 62
14
8 63
1 53
3 95
9 69
3 99
3 88
2 100
7 76
6 81
7 97
5 57
8 55
1 60
1 50
15
8 52
4 86
5 93
9 97
5 70
7 83
1 76
10 68
8 66
4 76
6 86
1 57
1 64
2 65
2 79
14
2 89
9 67
7 69
5 67
6 59
10 72
9 72
5 75
6 66
10 100
5 56
2 55
2 73
9 79
14
2 87
10 82
9 95
4 60
7 98
5 100
7 50
6 54
4 72
6 69
7 71
7 92
2 56
10 89
15
9 58
1 86
7 92
8 78
9 75
9 95
9 64
7 66
4 76
4 85
8 50
2 78
3 65
5 67
5 99
16
2 92
3 79
2 54
5 99
8 66
8 86
4 64
6 54
4 58
9 87
9 77
1 72
1 95
5 97
9 53
2 78
13
2 66
1 83
2 79
9 73
6 89
9 51
5 50
5 91
9 82
9 90
2 94
3 70
4 59
14
10 61
9 65
3 75
7 78
10 94
2 100
5 82
6 88
4 88
10 86
7 61
5 53
10 51
5 50
13
4 69
1 99
1 97
10 71
9 58
9 87
5 57
9 55
3 76
6 51
3 62
1 88
10 80
14
7 70
10 80
3 66
3 96
1 86
9 53
5 81
5 74
8 55
7 94
9 82
6 53
7 80
4 52
16
9 63
5 51
1 57
3 95
7 81
5 75
5 60
3 85
10 81
4 75
3 73
7 67
9 56
10 55
5 89
7 90
16
5 90
1 83
3 55
10 78
5 93
1 55
3 98
6 98
10 92
5 59
7 75
3 54
10 96
7 81
6 71
5 96
